The chain is shorter than 50 times the integrated autocorrelation time for 5 parameter(s). Use this estimate with caution and run a longer chain!
N/50 = 150;
tau: [433.39909047 422.37574552 483.90501284 448.69894097 402.16543551]
