The chain is shorter than 50 times the integrated autocorrelation time for 5 parameter(s). Use this estimate with caution and run a longer chain!
N/50 = 150;
tau: [467.43983033 460.1641826  449.74027929 398.32680968 409.5561357 ]
