The chain is shorter than 50 times the integrated autocorrelation time for 5 parameter(s). Use this estimate with caution and run a longer chain!
N/50 = 150;
tau: [755.3139846  781.17685817 744.41379295 709.22430293 769.79279774]
