The chain is shorter than 50 times the integrated autocorrelation time for 5 parameter(s). Use this estimate with caution and run a longer chain!
N/50 = 150;
tau: [387.18434143 335.0984804  351.5996816  289.584495   352.797362  ]
