The chain is shorter than 50 times the integrated autocorrelation time for 5 parameter(s). Use this estimate with caution and run a longer chain!
N/50 = 150;
tau: [382.55142041 369.13871383 465.24169964 368.46337917 441.22282347]
