The chain is shorter than 50 times the integrated autocorrelation time for 5 parameter(s). Use this estimate with caution and run a longer chain!
N/50 = 150;
tau: [744.7332329  660.30632577 819.97067029 782.86488225 804.87549029]
