The chain is shorter than 50 times the integrated autocorrelation time for 5 parameter(s). Use this estimate with caution and run a longer chain!
N/50 = 150;
tau: [703.04843556 580.2966843  480.76307401 686.94559846 519.75075864]
