The chain is shorter than 50 times the integrated autocorrelation time for 5 parameter(s). Use this estimate with caution and run a longer chain!
N/50 = 150;
tau: [427.17203815 828.51998731 786.52341569 745.95781161 822.94128962]
