The chain is shorter than 50 times the integrated autocorrelation time for 5 parameter(s). Use this estimate with caution and run a longer chain!
N/50 = 150;
tau: [358.38458846 382.33357066 363.5496922  342.73059862 381.28185467]
