The chain is shorter than 50 times the integrated autocorrelation time for 5 parameter(s). Use this estimate with caution and run a longer chain!
N/50 = 150;
tau: [662.95160912 785.36881932 814.49450283 726.07108998 595.77140995]
