The chain is shorter than 50 times the integrated autocorrelation time for 5 parameter(s). Use this estimate with caution and run a longer chain!
N/50 = 150;
tau: [341.76694124 329.00377978 288.58911689 320.07338699 275.65395833]
