The chain is shorter than 50 times the integrated autocorrelation time for 4 parameter(s). Use this estimate with caution and run a longer chain!
N/50 = 150;
tau: [190.95839876 190.97002021 133.52649448 207.57489258 192.9973558 ]
