The chain is shorter than 50 times the integrated autocorrelation time for 5 parameter(s). Use this estimate with caution and run a longer chain!
N/50 = 150;
tau: [654.30466583 480.22852394 616.88121321 452.77961291 648.21639339]
