The chain is shorter than 50 times the integrated autocorrelation time for 5 parameter(s). Use this estimate with caution and run a longer chain!
N/50 = 150;
tau: [823.8693023  835.66437391 839.73915356 809.93791847 840.25942705]
