The chain is shorter than 50 times the integrated autocorrelation time for 5 parameter(s). Use this estimate with caution and run a longer chain!
N/50 = 150;
tau: [373.95756435 367.38955438 553.70145942 567.97060374 562.48860434]
