The chain is shorter than 50 times the integrated autocorrelation time for 5 parameter(s). Use this estimate with caution and run a longer chain!
N/50 = 150;
tau: [541.09270675 366.6139556  651.78386116 506.98148619 391.13760457]
