The chain is shorter than 50 times the integrated autocorrelation time for 5 parameter(s). Use this estimate with caution and run a longer chain!
N/50 = 150;
tau: [738.96916029 762.91935847 734.40141771 718.08686431 734.84989742]
