The chain is shorter than 50 times the integrated autocorrelation time for 5 parameter(s). Use this estimate with caution and run a longer chain!
N/50 = 150;
tau: [498.2294118  559.05632776 589.49689052 385.56039847 537.9862    ]
