The chain is shorter than 50 times the integrated autocorrelation time for 5 parameter(s). Use this estimate with caution and run a longer chain!
N/50 = 150;
tau: [508.20566013 541.95100523 385.39637919 438.70101421 559.56224714]
