The chain is shorter than 50 times the integrated autocorrelation time for 5 parameter(s). Use this estimate with caution and run a longer chain!
N/50 = 150;
tau: [728.49454665 788.77225043 808.38178    774.5943372  828.89905913]
