The chain is shorter than 50 times the integrated autocorrelation time for 5 parameter(s). Use this estimate with caution and run a longer chain!
N/50 = 150;
tau: [852.9009632  852.42582151 879.96274977 866.49203482 810.45701619]
