The chain is shorter than 50 times the integrated autocorrelation time for 5 parameter(s). Use this estimate with caution and run a longer chain!
N/50 = 150;
tau: [406.13858201 394.16704721 396.59124182 418.29662926 333.10465801]
