The chain is shorter than 50 times the integrated autocorrelation time for 5 parameter(s). Use this estimate with caution and run a longer chain!
N/50 = 150;
tau: [668.18806096 677.82008486 673.33172465 801.93151283 851.79061736]
