The chain is shorter than 50 times the integrated autocorrelation time for 5 parameter(s). Use this estimate with caution and run a longer chain!
N/50 = 150;
tau: [872.91214723 733.93166349 911.30146197 850.71164037 774.31057396]
