The chain is shorter than 50 times the integrated autocorrelation time for 5 parameter(s). Use this estimate with caution and run a longer chain!
N/50 = 150;
tau: [304.89739711 454.36224467 464.69849671 408.45130256 432.63341445]
