The chain is shorter than 50 times the integrated autocorrelation time for 5 parameter(s). Use this estimate with caution and run a longer chain!
N/50 = 150;
tau: [271.23555215 231.19891203 601.6225545  243.22457089 599.77180457]
