The chain is shorter than 50 times the integrated autocorrelation time for 5 parameter(s). Use this estimate with caution and run a longer chain!
N/50 = 150;
tau: [841.8876901  775.32380091 851.95997599 728.10548485 702.99556834]
