The chain is shorter than 50 times the integrated autocorrelation time for 5 parameter(s). Use this estimate with caution and run a longer chain!
N/50 = 150;
tau: [350.57549019 937.92572174 966.32344996 938.52914883 911.8093192 ]
