The chain is shorter than 50 times the integrated autocorrelation time for 5 parameter(s). Use this estimate with caution and run a longer chain!
N/50 = 150;
tau: [831.94251117 881.5130963  745.29152335 761.03314227 815.38192943]
