Mean acceptance fraction: 0.145
Mean autocorrelation time [steps]: 43.9
Fitted parameters:
t_0 : 2453484.43456 +0.07712 -0.05689
u_0 : 1.21567 +0.09503 -0.08963
t_E : 135.62725 +5.23385 -6.68624
xi_period : 4.94479 +0.55877 -0.00974
xi_semimajor_axis : 0.01316 +0.00518 -0.00634
xi_Omega_node : 295.03964 +40.64331 -98.71480
xi_inclination : 242.91408 +31.62320 -58.67854
xi_argument_of_latitude_reference : 352.96157 +21.83604 -161.77738
xi_eccentricity : 0.09951 +0.13098 -0.04013
xi_omega_periapsis : 195.03915 +34.90168 -21.18136
q_source : 0.07348 +0.04575 -0.03158
Fitted fluxes (source and blending):
flux_s1_1 : 1821.77006 +117.12123 -219.97532
flux_s2_1 : 206.93879 +266.50776 -170.01340
flux_b_1 : -1250.46205 +300.61402 -372.81430
Best model:
chi2: 5853.8165
t_0 u_0 t_E xi_period xi_semimajor_axis xi_Omega_node xi_inclination xi_argument_of_latitude_reference xi_eccentricity xi_omega_periapsis q_source
2453484.5512309526 1.1168021063002322 141.63074483670724 5.974145887431406 0.004012252450611312 137.93847936185173 275.6686276629708 16.201180832604948 0.33339620929201447 216.36719406528846 0.0034393375711659186
Fluxes:
1637.793882963077 18.691507498425494 -918.1855288785086
