Mean acceptance fraction: 0.365
Mean autocorrelation time [steps]: 203.6
Fitted parameters:
t_0 : 2454348.71488 +0.00199 -0.00208
u_0 : 0.00211 +0.00009 -0.00009
t_E : 92.79991 +2.81217 -2.63287
pi_E_N : 0.13093 +0.08701 -0.08691
pi_E_E : 0.15120 +0.01665 -0.01637
xi_period : 0.35890 +0.00309 -0.00242
xi_semimajor_axis : 0.00129 +0.00008 -0.00007
xi_Omega_node : 98.69992 +0.99555 -0.95860
xi_inclination : 93.94638 +1.33567 -1.49127
xi_argument_of_latitude_reference : 178.96149 +2.48758 -3.13526
q_source : 0.68941 +0.05275 -0.05144
Fitted fluxes (source and blending):
flux_s1_1 : 1.25972 +0.10205 -0.09536
flux_s2_1 : 4.34542 +0.16463 -0.16471
flux_b_1 : -1.01539 +0.15100 -0.14963
Best model:
chi2: 1482.0112
t_0 u_0 t_E pi_E_N pi_E_E xi_period xi_semimajor_axis xi_Omega_node xi_inclination xi_argument_of_latitude_reference q_source
2454348.715412416 0.002115430823226724 92.58326353836544 0.12625406521711632 0.15575799102398163 0.3578999337359636 0.001290623601991362 98.58326600419461 94.68473399381419 179.85253859919194 0.6830724088767124
Fluxes:
1.2741728134855 4.347362401526088 -1.0294333800838806
