Mean acceptance fraction: 0.077
Mean autocorrelation time [steps]: 3423.4
Fitted parameters:
t_0 : 2454723.74851 +0.32670 -0.88916
u_0 : 0.15938 +0.02709 -0.03865
t_E : 18.07386 +3.01878 -2.62957
pi_E_N : 0.29571 +0.49402 -0.93968
pi_E_E : -0.23919 +0.26569 -0.22003
xi_period : 453.51643 +474.14669 -178.71042
xi_semimajor_axis : 1.43848 +0.83731 -0.63528
xi_Omega_node : 3.09995 +22.56844 -8.90114
xi_inclination : 266.69255 +1.08346 -2.26822
xi_argument_of_latitude_reference : 243.64328 +93.57768 -115.54519
xi_eccentricity : 0.52113 +0.20186 -0.47719
xi_omega_periapsis : 155.83956 +93.43600 -115.72575
q_source : 0.14296 +0.05176 -0.04982
Fitted fluxes (source and blending):
flux_s1_1 : 25.46509 +5.88364 -4.17897
flux_s2_1 : -57.20039 +30.12198 -383.75952
flux_b_1 : 63.12919 +387.50060 -27.52773
Best model:
chi2: 1999.8995
t_0 u_0 t_E pi_E_N pi_E_E xi_period xi_semimajor_axis xi_Omega_node xi_inclination xi_argument_of_latitude_reference xi_eccentricity xi_omega_periapsis q_source
2454722.4601827236 0.11123943240727185 13.729697126391304 0.49107212072288386 0.1495758925742363 273.29332287512364 2.312354517076127 24.030015590112956 264.3891516543039 287.85427110519913 0.03275659686718096 200.0023642484307 0.14493018781578615
Fluxes:
22.514575831902732 -512.0482451320913 523.7240771081244
