Mean acceptance fraction: 0.068
Mean autocorrelation time [steps]: 3436.0
Fitted parameters:
t_0 : 2454590.43005 +2.14201 -2.28769
u_0 : 0.31263 +0.12408 -0.07182
t_E : 60.51939 +9.91528 -10.62100
pi_E_N : -0.20530 +0.25556 -0.20219
pi_E_E : -0.30212 +0.09656 -0.12239
xi_period : 63.18082 +3.46812 -4.47281
xi_semimajor_axis : 0.05429 +0.03429 -0.02535
xi_Omega_node : 250.69527 +13.02536 -7.74590
xi_inclination : 250.79695 +6.94299 -12.49789
xi_argument_of_latitude_reference : 349.41712 +14.39014 -15.87722
q_source : 0.02956 +0.01209 -0.01237
Fitted fluxes (source and blending):
flux_s1_1 : 24.33268 +15.01268 -7.40179
flux_s2_1 : -0.02079 +0.01311 -0.03020
flux_b_1 : 1.62465 +7.16174 -15.04274
Best model:
chi2: 827.9554
t_0 u_0 t_E pi_E_N pi_E_E xi_period xi_semimajor_axis xi_Omega_node xi_inclination xi_argument_of_latitude_reference q_source
2454591.1904109786 0.3591567837244093 56.809602923154635 -0.3395083652350058 -0.36685755511945706 63.594987479430834 0.0607016219943229 248.17197026714481 255.7254868815036 351.9226268553015 0.02613415833906591
Fluxes:
29.33616211140537 -0.002166110382073913 -3.5547073845378807
