Mean acceptance fraction: 0.022
Mean autocorrelation time [steps]: 3525.2
Fitted parameters:
t_0 : 2454215.41048 +12.53859 -6.93459
u_0 : 22.55314 +5.49256 -8.51313
t_E : 8.36732 +4.58995 -3.31875
pi_E_N : -0.26546 +0.98545 -0.50796
pi_E_E : -0.16484 +0.55380 -0.56839
xi_period : 527.22706 +7.07605 -4.43456
xi_semimajor_axis : 13.26545 +10.83866 -5.04412
xi_Omega_node : 350.02152 +4.65825 -156.42012
xi_inclination : 225.62120 +28.03280 -4.60267
xi_argument_of_latitude_reference : 330.34183 +2.73617 -124.31743
q_source : 0.00174 +0.00061 -0.00056
Fitted fluxes (source and blending):
flux_s1_1 : 359818.86746 +497712.70579 -306217.17910
flux_s2_1 : -626666724719836.12500 +582124033280358.62500 -356258855331021.37500
flux_b_1 : 626666723765126.25000 +356258856266105.50000 -582124032514344.25000
Best model:
chi2: 2310.7283
t_0 u_0 t_E pi_E_N pi_E_E xi_period xi_semimajor_axis xi_Omega_node xi_inclination xi_argument_of_latitude_reference q_source
2454212.2433293713 16.333309045038675 12.76911043025249 -0.15088352673489736 0.3628382612920884 527.4251747081603 8.804809398550098 348.4281685501519 221.10843742521956 326.80531755804066 0.0012129435414983379
Fluxes:
102540.56929788372 -903554932201040.4 903554932098614.2
