Mean acceptance fraction: 0.050
Mean autocorrelation time [steps]: 3736.4
Fitted parameters:
t_0 : 2453753.93428 +3.94287 -9.62186
u_0 : 0.10286 +0.01931 -0.02142
t_E : 299.67018 +4.87593 -56.67230
pi_E_N : 0.02580 +0.01636 -0.10899
pi_E_E : 0.10384 +0.03743 -0.48860
xi_period : 714.97943 +63.22931 -5.24746
xi_semimajor_axis : 0.45489 +0.10866 -0.10094
xi_Omega_node : 48.38578 +5.51423 -23.66096
xi_inclination : 96.80740 +17.93499 -3.16426
xi_argument_of_latitude_reference : 302.52915 +62.77133 -100.49256
xi_eccentricity : 0.07950 +0.67934 -0.02740
xi_omega_periapsis : 216.84464 +75.19464 -139.50292
q_source : 0.04823 +0.24284 -0.03855
Fitted fluxes (source and blending):
flux_s1_1 : 1.53215 +4.67602 -0.37063
flux_s2_1 : 43.76598 +516.62862 -42.79049
flux_b_1 : 2.07338 +42.92256 -516.53161
Best model:
chi2: 2807.4561
t_0 u_0 t_E pi_E_N pi_E_E xi_period xi_semimajor_axis xi_Omega_node xi_inclination xi_argument_of_latitude_reference xi_eccentricity xi_omega_periapsis q_source
2453758.246019662 0.1235833756306049 203.01307891254382 0.053188203112360714 0.18009744497800842 714.7228461260637 0.539753166625652 50.87410270426222 94.60503465487514 323.10653739988675 0.050026047499043005 194.89876193531322 0.008384779470495563
Fluxes:
1.8514044539527248 1510.901097148687 -1465.337805912872
