Mean acceptance fraction: 0.041
Mean autocorrelation time [steps]: 3771.7
Fitted parameters:
t_0 : 2454081.86931 +98.24936 -334.22269
u_0 : 7.20324 +3.36763 -2.31219
t_E : 34.63163 +21.98309 -9.36325
pi_E_N : -0.10084 +0.19863 -0.19458
pi_E_E : -0.28087 +0.18654 -0.31391
xi_period : 11590.16493 +5859.50191 -4771.42180
xi_semimajor_axis : 81.65427 +33.03068 -31.21758
xi_Omega_node : 63.37458 +41.39288 -55.17994
xi_inclination : 354.88221 +17.48691 -18.37562
xi_argument_of_latitude_reference : 47.83063 +52.82874 -45.52610
q_source : 0.42652 +0.43735 -0.29003
Fitted fluxes (source and blending):
flux_s1_1 : 2292.71052 +6770.44240 -1858.89837
flux_s2_1 : 9642585400.53243 +1919630182523.98682 -9078620436.11822
flux_b_1 : -9642590684.65068 +9078625773.10414 -1919630178305.46411
Best model:
chi2: 2166.8156
t_0 u_0 t_E pi_E_N pi_E_E xi_period xi_semimajor_axis xi_Omega_node xi_inclination xi_argument_of_latitude_reference q_source
2453809.632948046 4.819417630642619 57.058381120050356 -0.027674153678513225 -0.11797214499587172 17029.81896691521 95.4500304085803 65.09870301485273 343.8841617647926 36.55521408083062 0.2759033072011972
Fluxes:
350.42470656684515 4224665347859.599 -4224665348342.63
