Mean acceptance fraction: 0.108
Mean autocorrelation time [steps]: 2609.9
Fitted parameters:
t_0 : 2452963.94087 +13.12927 -32.80269
u_0 : 12.77827 +13.29566 -7.48849
t_E : 9.94235 +15.51815 -5.39909
pi_E_N : 0.34200 +0.52747 -0.68134
pi_E_E : -0.30843 +0.72543 -0.47624
xi_period : 202.90967 +4.30355 -3.34615
xi_semimajor_axis : 5.26349 +5.77062 -3.02425
xi_Omega_node : 30.39959 +5.07210 -8.03558
xi_inclination : 257.20652 +2.36045 -2.33778
xi_argument_of_latitude_reference : 266.14018 +5.53219 -4.30177
q_source : 0.09102 +0.01376 -0.01497
Fitted fluxes (source and blending):
flux_s1_1 : 412850.15035 +6808543.44997 -397235.46023
flux_s2_1 : -596.77655 +554.00262 -14997.09256
flux_b_1 : -411284.83289 +395854.13159 -6781369.44205
Best model:
chi2: 451.6075
t_0 u_0 t_E pi_E_N pi_E_E xi_period xi_semimajor_axis xi_Omega_node xi_inclination xi_argument_of_latitude_reference q_source
2452981.8914916147 2.0153983359444556 28.864735974156492 -0.07248895925735 0.4489349388070486 196.89213659691657 1.4424428192731422 44.45652655185908 259.17119196101413 269.7261182140591 0.07139979286722727
Fluxes:
1354.1902605754467 -49.36865096540134 -1248.5665319262334
