Mean acceptance fraction: 0.022
Mean autocorrelation time [steps]: 3844.4
Fitted parameters:
t_0 : 2454577.09932 +0.00155 -0.00126
u_0 : 0.02315 +0.00038 -0.00005
t_E : 74.79429 +0.03110 -0.68806
pi_E_N : -0.02650 +0.06662 -0.04961
pi_E_E : -0.03141 +0.00570 -0.00518
xi_period : 344.61345 +198.40269 -38.72499
xi_semimajor_axis : 0.00218 +0.00047 -0.00033
xi_Omega_node : 140.23983 +43.55097 -3.78152
xi_inclination : 151.98748 +50.77943 -3.91085
xi_argument_of_latitude_reference : 81.57442 +30.18457 -26.92812
xi_eccentricity : 0.49127 +0.09163 -0.34038
xi_omega_periapsis : 34.64791 +28.35605 -50.68167
q_source : 0.10559 +0.02861 -0.02649
Fitted fluxes (source and blending):
flux_s1_1 : 171.61730 +1.04859 -0.35371
flux_s2_1 : -0.00351 +0.02884 -0.00011
flux_b_1 : 15.87451 +0.34458 -0.96714
Best model:
chi2: 10633.0809
t_0 u_0 t_E pi_E_N pi_E_E xi_period xi_semimajor_axis xi_Omega_node xi_inclination xi_argument_of_latitude_reference xi_eccentricity xi_omega_periapsis q_source
2454577.1007474912 0.023108817403494325 74.8740550583135 -0.04235024300405153 -0.03435633101087529 343.01509332092803 0.002006615137192172 138.388527270941 148.23276358068682 55.52514018432296 0.5632475440314816 12.0159926740692 0.09594429738206241
Fluxes:
171.3410490382138 -0.003534439560868844 16.132619477621382
