Mean acceptance fraction: 0.064
Mean autocorrelation time [steps]: 3086.3
Fitted parameters:
t_0 : 2452312.32932 +2.99334 -3.49057
u_0 : 24.69965 +25.39363 -14.86997
t_E : 0.42906 +0.48664 -0.19240
pi_E_N : -0.07988 +0.70023 -0.61955
pi_E_E : -0.16680 +0.78074 -0.58414
xi_period : 191.57767 +8.16259 -7.56511
xi_semimajor_axis : 13.38682 +29.10802 -9.41539
xi_Omega_node : 104.80499 +6.76235 -9.32521
xi_inclination : 100.51424 +3.71367 -5.03019
xi_argument_of_latitude_reference : 265.82919 +3.15016 -5.41251
q_source : 0.65639 +0.22140 -0.30652
Fitted fluxes (source and blending):
flux_s1_1 : -101306198164.42526 +97218499380.58823 -1555306884748.12305
flux_s2_1 : 120033075916.85797 +1737409241054.62549 -113613467745.35168
flux_b_1 : -10443703123.58665 +9908715089.36418 -130659179811.63834
Best model:
chi2: 1082.1520
t_0 u_0 t_E pi_E_N pi_E_E xi_period xi_semimajor_axis xi_Omega_node xi_inclination xi_argument_of_latitude_reference q_source
2452310.1407785113 33.56490689441529 0.3441785099971553 0.7908734262035327 0.2116559002771422 191.14542712298146 8.25955229291318 101.55901147400887 98.29192582439205 269.2480965294512 0.8101964449667223
Fluxes:
-1237429981085.4863 1257435076911.8809 -20005095777.974243
