Mean acceptance fraction: 0.119
Mean autocorrelation time [steps]: 3866.5
Fitted parameters:
t_0 : 2455569.21234 +14408.83927 -1545.69744
u_0 : 0.85567 +2.59642 -0.63767
t_E : 404.07743 +1527.65951 -62.59181
pi_E_N : 0.45972 +0.50024 -0.40062
pi_E_E : 0.37690 +0.47934 -0.09760
xi_period : 402.92527 +301.10592 -43.37772
xi_semimajor_axis : 0.05135 +4.45768 -0.04937
xi_Omega_node : 258.80667 +19.60839 -33.68573
xi_inclination : 78.12170 +2.47213 -5.70471
xi_argument_of_latitude_reference : -19.97412 +1.38480 -0.02307
q_source : 0.87060 +0.12196 -0.84413
Fitted fluxes (source and blending):
flux_s1_1 : 239190.92947 +2281927.49778 -238874.52419
flux_s2_1 : 365.89421 +182268.71165 -1790414.66409
flux_b_1 : -304815.35020 +305205.65862 -377013.03791
Best model:
chi2: 5471.0508
t_0 u_0 t_E pi_E_N pi_E_E xi_period xi_semimajor_axis xi_Omega_node xi_inclination xi_argument_of_latitude_reference q_source
2459676.389962489 2.08044892859532 851.2464408139216 0.7816983680656691 0.7657535554648184 703.7313942579141 5.100687742207401 260.602960307953 80.14767650876699 -19.990846297189275 0.9806936278799412
Fluxes:
358663.1692708865 251198.35564169937 -608584.9936707852
