Mean acceptance fraction: 0.049
Mean autocorrelation time [steps]: 3717.9
Fitted parameters:
t_0 : 2454742.15753 +0.88931 -3.21599
u_0 : 0.30162 +0.01465 -0.11085
t_E : 429.47760 +1.93874 -29.10890
pi_E_N : 0.36448 +0.09110 -0.07504
pi_E_E : -0.02583 +0.28719 -0.05295
xi_period : 901.36387 +24.46541 -19.30160
xi_semimajor_axis : 1.16080 +0.10221 -0.28181
xi_Omega_node : 273.24916 +39.83502 -22.87719
xi_inclination : 117.11551 +57.41260 -55.67334
xi_argument_of_latitude_reference : 177.52208 +82.24423 -73.52535
xi_eccentricity : 0.65294 +0.02914 -0.03364
xi_omega_periapsis : 65.74956 +127.62108 -37.94179
q_source : 0.03600 +0.43032 -0.03319
Fitted fluxes (source and blending):
flux_s1_1 : 88.06194 +7.64030 -38.67939
flux_s2_1 : -131.84416 +143.76433 -7534984.24875
flux_b_1 : 297.50592 +7534941.51269 -215.11436
Best model:
chi2: 5942.4658
t_0 u_0 t_E pi_E_N pi_E_E xi_period xi_semimajor_axis xi_Omega_node xi_inclination xi_argument_of_latitude_reference xi_eccentricity xi_omega_periapsis q_source
2454727.861740894 0.14933518034584778 381.22623061833093 0.4470938813894413 0.33760455526499134 934.4927786391299 0.8068917114678806 313.87912673592484 63.571015787884846 281.852808567163 0.592008328416153 231.4414687600917 0.04667942821152496
Fluxes:
38.381669677925636 -51.759660351129355 223.6624903612036
