Mean acceptance fraction: 0.103
Mean autocorrelation time [steps]: 2409.3
Fitted parameters:
t_0 : 2454205.19086 +5.60963 -6.59253
u_0 : 1.16462 +0.11258 -0.09137
t_E : 176.32993 +9.67973 -10.30538
pi_E_N : 0.05196 +0.02541 -0.02780
pi_E_E : -0.03908 +0.10123 -0.01491
xi_period : 378.00616 +1.24763 -2.92157
xi_semimajor_axis : 0.16329 +0.04896 -0.02928
xi_Omega_node : 98.53086 +48.83583 -95.46939
xi_inclination : 31.95121 +29.09378 -34.48763
xi_argument_of_latitude_reference : 10.88333 +96.44845 -27.04940
q_source : 0.02388 +0.00860 -0.00312
Fitted fluxes (source and blending):
flux_s1_1 : 565.38408 +134.13371 -92.64174
flux_s2_1 : -12.57408 +3.83386 -9.78907
flux_b_1 : 263.21330 +90.12157 -132.01532
Best model:
chi2: 4250.0892
t_0 u_0 t_E pi_E_N pi_E_E xi_period xi_semimajor_axis xi_Omega_node xi_inclination xi_argument_of_latitude_reference q_source
2454204.7160724006 1.2069910464945466 182.47730821256866 0.0668200066115434 0.05611480167907803 375.1459823927633 0.19964345332802672 147.61675763000665 60.84188553072589 -16.273799699483842 0.031262209510105006
Fluxes:
611.2615312114142 -22.138247516409635 225.00527608384724
