Mean acceptance fraction: 0.052
Mean autocorrelation time [steps]: 3603.1
Fitted parameters:
t_0 : 2454733.57613 +7.28387 -10.73101
u_0 : 0.82983 +0.31635 -0.14595
t_E : 103.72350 +10.07577 -17.43437
pi_E_N : -0.06246 +0.06406 -0.06554
pi_E_E : -0.07151 +0.10882 -0.13683
xi_period : 314.12647 +32.11327 -30.58671
xi_semimajor_axis : 0.09769 +0.03784 -0.04614
xi_Omega_node : 202.18080 +50.90862 -138.47058
xi_inclination : 32.95185 +28.83715 -33.53721
xi_argument_of_latitude_reference : 142.72206 +109.83815 -69.11007
q_source : 0.00953 +0.64911 -0.00529
Fitted fluxes (source and blending):
flux_s1_1 : 248.55310 +277.01379 -78.33855
flux_s2_1 : -6.45630 +7.52430 -263.56577
flux_b_1 : -85.00630 +60.58914 -296.12991
Best model:
chi2: 1684.4132
t_0 u_0 t_E pi_E_N pi_E_E xi_period xi_semimajor_axis xi_Omega_node xi_inclination xi_argument_of_latitude_reference q_source
2454742.1965951133 0.6576877105781928 113.98436288657302 -0.08792615821625888 0.059565065153118484 346.73180181100736 0.13847293863746235 196.85452403792252 22.847071826948753 163.46431919923862 0.010063482645544743
Fluxes:
159.33849153850673 0.023190350179657315 -42.47412676209868
