Mean acceptance fraction: 0.058
Mean autocorrelation time [steps]: 3553.1
Fitted parameters:
t_0 : 2454023.36585 +2.94452 -6.21744
u_0 : 0.45576 +0.07246 -0.07247
t_E : 80.87471 +5.33462 -5.70167
pi_E_N : -0.10310 +0.14924 -0.05698
pi_E_E : -0.07244 +0.01193 -0.01458
xi_period : 238.86617 +6.02979 -9.56870
xi_semimajor_axis : 0.25426 +0.04212 -0.08984
xi_Omega_node : 262.34618 +4.19818 -7.67977
xi_inclination : 247.67314 +4.30240 -8.42895
xi_argument_of_latitude_reference : 189.06065 +134.73251 -89.43819
xi_eccentricity : 0.43814 +0.05076 -0.09017
xi_omega_periapsis : 97.24145 +131.91043 -87.19138
q_source : 0.00800 +0.00561 -0.00776
Fitted fluxes (source and blending):
flux_s1_1 : 243.60147 +56.51433 -44.97143
flux_s2_1 : -6.41024 +20.09833 -1342874148.32749
flux_b_1 : 0.18954 +1342874099.41266 -102.87738
Best model:
chi2: 4303.5794
t_0 u_0 t_E pi_E_N pi_E_E xi_period xi_semimajor_axis xi_Omega_node xi_inclination xi_argument_of_latitude_reference xi_eccentricity xi_omega_periapsis q_source
2454024.7731702374 0.5166080790812687 77.01149622105363 -0.1282397118634444 -0.07322113804072844 228.15396381219082 0.2795732601572062 262.98060365442734 250.2446699718742 99.77651296825731 0.35925908482410146 15.278215419358977 0.005385596569369305
Fluxes:
285.7343583904907 8.020154066483308 -89.12834759631276
