The chain is shorter than 50 times the integrated autocorrelation time for 5 parameter(s). Use this estimate with caution and run a longer chain!
N/50 = 300;
tau: [ 612.23331309 1782.39568294  869.26455702 1783.93244258 1664.27371088]
