Mean acceptance fraction: 0.042
Mean autocorrelation time [steps]: 3711.9
Fitted parameters:
t_0 : 2454576.88252 +0.00146 -0.00071
u_0 : -0.00030 +0.00001 -0.00003
t_E : 73.66778 +0.44641 -0.20069
pi_E_N : -0.14826 +0.07010 -0.04727
pi_E_E : -0.04486 +0.00766 -0.00535
xi_period : 63362.05788 +76813.21983 -58325.19749
xi_semimajor_axis : 0.00980 +0.00169 -0.00424
xi_Omega_node : 76.19866 +11.51983 -9.97438
xi_inclination : 317.97663 +27.68219 -68.75417
xi_argument_of_latitude_reference : 147.96020 +156.94010 -102.37480
xi_eccentricity : 0.40404 +0.39877 -0.28195
xi_omega_periapsis : 134.74729 +127.84790 -103.47229
q_source : 0.77047 +0.16041 -0.28512
Fitted fluxes (source and blending):
flux_s1_1 : 0.04528 +0.00467 -0.00226
flux_s2_1 : 174.43878 +0.53218 -1.46123
flux_b_1 : 12.88564 +1.17707 -0.54528
Best model:
chi2: 15705.5524
t_0 u_0 t_E pi_E_N pi_E_E xi_period xi_semimajor_axis xi_Omega_node xi_inclination xi_argument_of_latitude_reference xi_eccentricity xi_omega_periapsis q_source
2454576.8823862947 -0.00029724266256742613 73.5930454772153 -0.16048157848677702 -0.046945577055392616 19607.22219806711 0.010398244147351743 81.45784831141741 321.3389374805397 61.13371067886197 0.4887230887109309 59.20518015397124 0.8383317860498526
Fluxes:
0.044435803964181016 174.64593120081528 12.710505299662412
