Mean acceptance fraction: 0.027
Mean autocorrelation time [steps]: 3396.5
Fitted parameters:
t_0 : 2454733.26848 +1.98156 -6.28876
u_0 : -0.74307 +0.09097 -0.12668
t_E : 111.22657 +5.83966 -9.87634
pi_E_N : 0.06431 +0.11046 -0.05067
pi_E_E : -0.12867 +0.03305 -0.04076
xi_period : 199.64950 +167.83384 -23.26695
xi_semimajor_axis : 0.05028 +0.05411 -0.03622
xi_Omega_node : 258.31292 +27.36334 -56.55128
xi_inclination : 68.30821 +44.00822 -72.44024
xi_argument_of_latitude_reference : 220.23718 +36.66975 -100.76948
q_source : 0.00309 +0.01321 -0.00188
Fitted fluxes (source and blending):
flux_s1_1 : 192.72910 +70.27523 -63.10898
flux_s2_1 : 0.73986 +334.94816 -0.63425
flux_b_1 : -88.83016 +46.11926 -229.07418
Best model:
chi2: 1683.6968
t_0 u_0 t_E pi_E_N pi_E_E xi_period xi_semimajor_axis xi_Omega_node xi_inclination xi_argument_of_latitude_reference q_source
2454734.5311028208 -0.7401859977464385 111.29382152043927 0.0992038164092572 -0.08054439593980897 290.42339724092875 0.10228561125809638 251.34166852583647 101.44757231124426 223.54546010244576 0.001523875960331448
Fluxes:
194.92645748251778 0.0738013973520566 -78.13592541017888
