Mean acceptance fraction: 0.055
Mean autocorrelation time [steps]: 3295.5
Fitted parameters:
t_0 : 2452312.73876 +2.88114 -2.90180
u_0 : 10.83292 +15.57836 -6.75784
t_E : 0.97483 +1.70932 -0.56670
pi_E_N : -0.21425 +0.78308 -0.54479
pi_E_E : -0.20105 +0.77467 -0.58439
xi_period : 192.08207 +7.82772 -7.07985
xi_semimajor_axis : 5.89872 +15.32666 -4.27316
xi_Omega_node : 104.84980 +7.43198 -8.45013
xi_inclination : 100.87506 +3.78205 -5.16915
xi_argument_of_latitude_reference : 265.60909 +2.87244 -5.28145
q_source : 0.63035 +0.25674 -0.29590
Fitted fluxes (source and blending):
flux_s1_1 : -4130354398.93832 +4039593797.26845 -179777366149.47412
flux_s2_1 : 4852361364.11897 +204987467544.43884 -4748049285.82684
flux_b_1 : -424349138.17244 +416474030.18001 -13541190745.43028
Best model:
chi2: 1082.1466
t_0 u_0 t_E pi_E_N pi_E_E xi_period xi_semimajor_axis xi_Omega_node xi_inclination xi_argument_of_latitude_reference q_source
2452311.2716527865 40.46592817193462 0.38174333668238725 -0.20494176632289 -0.22501522718149136 190.86804148288073 2.119004154494505 106.05913071180031 101.03167370332538 269.19424448534437 0.7604353990219231
Fluxes:
-2064157229174.1973 2077175625989.8872 -13018396767.268799
