Mean acceptance fraction: 0.169
Mean autocorrelation time [steps]: 526.3
Fitted parameters:
t_0 : 2454348.75653 +0.00423 -0.00180
u_0 : -0.00476 +0.00235 -0.00031
t_E : 95.35405 +7.14999 -4.46781
pi_E_N : 0.10574 +0.12303 -0.11593
pi_E_E : 0.15197 +0.01962 -0.01826
xi_period : 0.36396 +0.09730 -0.00737
xi_semimajor_axis : 0.00156 +0.00009 -0.00025
xi_Omega_node : 80.97522 +8.13274 -2.08306
xi_inclination : 84.95909 +2.77098 -0.49186
xi_argument_of_latitude_reference : 175.06223 +7.63692 -65.42582
q_source : 0.97319 +0.02304 -0.56626
Fitted fluxes (source and blending):
flux_s1_1 : 4.99236 +0.48627 -0.25986
flux_s2_1 : 0.77822 +0.06507 -1.10737
flux_b_1 : -0.85184 +0.41645 -0.25810
Best model:
chi2: 1423.6908
t_0 u_0 t_E pi_E_N pi_E_E xi_period xi_semimajor_axis xi_Omega_node xi_inclination xi_argument_of_latitude_reference q_source
2454348.755654602 -0.0024574000223218837 100.7128503538548 0.18249452588518017 0.14233558852221986 0.4611434407019095 0.001336515042492829 88.93298089251151 84.52371297664172 109.63252094124937 0.40818547334948063
Fluxes:
5.427719070614197 -0.31970361924060037 -0.5230296386781366
