Mean acceptance fraction: 0.017
Mean autocorrelation time [steps]: 4250.9
Fitted parameters:
t_0 : 2454577.09979 +0.00204 -0.00170
u_0 : 0.02297 +0.00065 -0.00025
t_E : 75.50333 +0.68081 -0.63902
pi_E_N : -0.05367 +0.06157 -0.08078
pi_E_E : -0.03390 +0.00665 -0.00951
xi_period : 392.37043 +83.07753 -81.87932
xi_semimajor_axis : 0.00337 +0.00081 -0.00111
xi_Omega_node : 142.00406 +5.01740 -4.68801
xi_inclination : 153.22023 +2.90550 -3.49313
xi_argument_of_latitude_reference : 137.36015 +29.55510 -51.62424
xi_eccentricity : 0.53752 +0.06444 -0.08498
xi_omega_periapsis : 94.63877 +27.19488 -57.99792
q_source : 0.16750 +0.04586 -0.06218
Fitted fluxes (source and blending):
flux_s1_1 : 170.29354 +2.47793 -1.83586
flux_s2_1 : -0.00347 +0.04448 -0.00011
flux_b_1 : 17.10837 +1.81166 -2.55802
Best model:
chi2: 10568.4198
t_0 u_0 t_E pi_E_N pi_E_E xi_period xi_semimajor_axis xi_Omega_node xi_inclination xi_argument_of_latitude_reference xi_eccentricity xi_omega_periapsis q_source
2454577.0981884846 0.022486714971658887 76.75879782590401 0.06381921907767249 -0.02174914055449985 570.1782915672195 0.003801962722238786 138.83380276570193 151.32698674148475 195.527273405382 0.5885007674359845 152.4610514624457 0.19494298102506077
Fluxes:
166.59142198099784 -0.0034794368240879895 20.799843604745398
