Mean acceptance fraction: 0.059
Mean autocorrelation time [steps]: 3404.6
Fitted parameters:
t_0 : 2454589.87125 +2.03221 -3.59958
u_0 : 0.29814 +0.07256 -0.06783
t_E : 63.19847 +9.28446 -8.05466
pi_E_N : -0.17199 +0.27660 -0.27230
pi_E_E : -0.26007 +0.08074 -0.11062
xi_period : 63.29545 +3.86553 -3.44403
xi_semimajor_axis : 0.05016 +0.02489 -0.01890
xi_Omega_node : 249.29496 +10.85318 -11.34095
xi_inclination : 245.43675 +10.81802 -17.65796
xi_argument_of_latitude_reference : 347.88941 +17.12821 -49.75313
q_source : 0.03586 +0.01994 -0.01565
Fitted fluxes (source and blending):
flux_s1_1 : 23.20192 +8.95376 -6.57527
flux_s2_1 : -0.01728 +0.01136 -0.03729
flux_b_1 : 3.32491 +6.40584 -7.72363
Best model:
chi2: 828.5844
t_0 u_0 t_E pi_E_N pi_E_E xi_period xi_semimajor_axis xi_Omega_node xi_inclination xi_argument_of_latitude_reference q_source
2454590.981637038 0.3277438897231323 58.61574982731022 -0.10692379245511471 -0.28941559490138025 63.779070346746735 0.06257092181873142 248.74821283406285 252.16861286967355 351.4032477615579 0.032542748386119834
Fluxes:
25.961814731743136 -0.005879487090462486 -0.17855600070730265
