Mean acceptance fraction: 0.077
Mean autocorrelation time [steps]: 3160.1
Fitted parameters:
t_0 : 2454724.28017 +0.78664 -0.46257
u_0 : -0.14967 +0.02893 -0.03013
t_E : 17.74543 +3.46648 -2.13990
pi_E_N : 0.29006 +0.51339 -1.07288
pi_E_E : -0.17027 +0.41254 -0.26849
xi_period : 349.55189 +459.64047 -77.35076
xi_semimajor_axis : 1.38859 +0.74784 -0.57863
xi_Omega_node : 9.21694 +20.59413 -10.27829
xi_inclination : 264.45064 +8.38113 -1.12355
xi_argument_of_latitude_reference : 222.31089 +107.72161 -105.90156
xi_eccentricity : 0.39041 +0.29726 -0.35418
xi_omega_periapsis : 133.66304 +108.27284 -105.86965
q_source : 0.12674 +0.06185 -0.03882
Fitted fluxes (source and blending):
flux_s1_1 : 24.38549 +4.82606 -3.87176
flux_s2_1 : -108.45296 +82.63505 -420.14560
flux_b_1 : 117.18423 +420.94057 -82.11377
Best model:
chi2: 2001.1946
t_0 u_0 t_E pi_E_N pi_E_E xi_period xi_semimajor_axis xi_Omega_node xi_inclination xi_argument_of_latitude_reference xi_eccentricity xi_omega_periapsis q_source
2454725.0965686184 -0.13045920830300134 16.543093315700318 0.7131289906671539 0.18612934993807567 273.18767995311026 1.5368730707685705 28.9830290229644 263.7524690754643 75.77396756777595 0.04471233433326975 -13.6612031312035 0.11630726720430526
Fluxes:
23.101154837171432 -407.69172124776 418.77558045490116
