Mean acceptance fraction: 0.219
Mean autocorrelation time [steps]: 1390.7
Fitted parameters:
t_0 : 2454202.70893 +4.40453 -5.97285
u_0 : 1.17685 +0.12143 -0.10346
t_E : 183.88368 +7.79057 -9.34076
pi_E_N : 0.05688 +0.02287 -0.03296
pi_E_E : 0.05227 +0.03555 -0.03074
xi_period : 375.59968 +1.66605 -2.00153
xi_semimajor_axis : 0.20691 +0.04560 -0.02823
xi_Omega_node : 145.12643 +5.84273 -8.73511
xi_inclination : 60.15951 +5.44490 -5.01855
xi_argument_of_latitude_reference : -15.00511 +4.14570 -3.02135
q_source : 0.03244 +0.00469 -0.00343
Fitted fluxes (source and blending):
flux_s1_1 : 576.83723 +148.29109 -106.51138
flux_s2_1 : -21.54602 +3.07428 -3.03246
flux_b_1 : 258.62177 +104.93769 -146.47937
Best model:
chi2: 4249.5176
t_0 u_0 t_E pi_E_N pi_E_E xi_period xi_semimajor_axis xi_Omega_node xi_inclination xi_argument_of_latitude_reference q_source
2454204.0156088416 1.1698885562317263 184.25605280205167 0.0645918994067147 0.0499160573483544 375.70839218298613 0.19542122797161515 145.9940852363693 59.470744639662854 -16.141806913994085 0.031140358991637057
Fluxes:
568.7250493808914 -21.638921105391745 267.014654946507
