Mean acceptance fraction: 0.031
Mean autocorrelation time [steps]: 4001.6
Fitted parameters:
t_0 : 2454034.89892 +119.64061 -151.89478
u_0 : 11.42910 +7.12791 -6.01978
t_E : 24.72829 +6.77994 -6.25918
pi_E_N : -0.08993 +0.22980 -0.26861
pi_E_E : -0.41671 +0.28776 -0.30541
xi_period : 10067.71627 +6332.40606 -3762.14615
xi_semimajor_axis : 123.42750 +36.86179 -44.79729
xi_Omega_node : 82.86670 +26.92999 -44.48826
xi_inclination : 342.02412 +22.35508 -25.08029
xi_argument_of_latitude_reference : 33.51198 +39.58302 -37.13499
q_source : 0.51967 +0.35142 -0.30046
Fitted fluxes (source and blending):
flux_s1_1 : 11955.01835 +55207.96286 -11315.81417
flux_s2_1 : 23267943874.40941 +733270231644.66174 -22487717388.30864
flux_b_1 : -23267948390.80183 +22487672124.90478 -733270243145.17126
Best model:
chi2: 2168.4953
t_0 u_0 t_E pi_E_N pi_E_E xi_period xi_semimajor_axis xi_Omega_node xi_inclination xi_argument_of_latitude_reference q_source
2454377.056881884 18.5742578602599 27.936433965649123 -0.5444314568259621 -0.2920321716987992 12734.719569124365 149.04473593622092 96.94669400686276 319.6703447904534 48.0409606309654 0.6588602505004338
Fluxes:
62337.72880926491 140201355031.69904 -140201417289.4009
