Mean acceptance fraction: 0.044
Mean autocorrelation time [steps]: 3901.3
Fitted parameters:
t_0 : 2454037.97957 +24.79276 -317.92228
u_0 : -0.77067 +0.64498 -3.23396
t_E : 45.49448 +21.95520 -22.99447
pi_E_N : 0.16309 +0.44002 -0.48293
pi_E_E : 0.29745 +0.37927 -0.25337
xi_period : 2534.18555 +780.93612 -552.90607
xi_semimajor_axis : 4.96778 +8.92911 -3.37014
xi_Omega_node : 14.05526 +32.19683 -27.15135
xi_inclination : 278.82001 +9.89592 -21.86222
xi_argument_of_latitude_reference : 24.45958 +20.42196 -16.88658
q_source : 0.42498 +0.41152 -0.31125
Fitted fluxes (source and blending):
flux_s1_1 : 2.34012 +59.23925 -46.27463
flux_s2_1 : 21796.15731 +230942.73149 -18389.58877
flux_b_1 : -22114.38827 +18834.63885 -229779.45941
Best model:
chi2: 2169.1232
t_0 u_0 t_E pi_E_N pi_E_E xi_period xi_semimajor_axis xi_Omega_node xi_inclination xi_argument_of_latitude_reference q_source
2453791.3162233112 -2.0231612852784338 76.42189420151429 0.05644319028762956 0.16807333289922108 2853.2565887940423 8.37934051471156 -10.718443032138964 280.03385186191053 40.364375419065865 0.857065331396996
Fluxes:
-0.22972150032161193 2793.8897363725573 -2682.2317075751034
