Mean acceptance fraction: 0.138
Mean autocorrelation time [steps]: 2252.2
Fitted parameters:
t_0 : 2454722.59654 +1.12218 -0.32080
u_0 : 0.12017 +0.05263 -0.03776
t_E : 15.52586 +3.14756 -2.12359
pi_E_N : 0.48587 +0.27164 -0.85065
pi_E_E : 0.00627 +0.37011 -0.33658
xi_period : 276.33281 +211.28941 -6.20146
xi_semimajor_axis : 1.90483 +0.74049 -0.73380
xi_Omega_node : 25.30055 +4.84757 -19.40062
xi_inclination : 264.42028 +2.35572 -0.61863
xi_argument_of_latitude_reference : 230.69895 +105.53071 -112.66466
xi_eccentricity : 0.05066 +0.50073 -0.03230
xi_omega_periapsis : 142.56997 +105.78354 -112.66978
q_source : 0.14037 +0.03299 -0.03427
Fitted fluxes (source and blending):
flux_s1_1 : 24.88690 +4.30842 -3.42583
flux_s2_1 : -467.66827 +418.14505 -281.54108
flux_b_1 : 478.41066 +279.37162 -421.74683
Best model:
chi2: 1999.0516
t_0 u_0 t_E pi_E_N pi_E_E xi_period xi_semimajor_axis xi_Omega_node xi_inclination xi_argument_of_latitude_reference xi_eccentricity xi_omega_periapsis q_source
2454722.653144026 0.12127450102607246 14.370620694738708 0.41357905810503837 -0.022326790207596592 274.675434070443 2.0455426387660793 21.831205326707444 264.9314952748186 287.2309066930708 0.017557738360799036 199.4265481172328 0.13389756238696804
Fluxes:
21.09973889696801 -329.06589310979206 342.1536237957703
