Mean acceptance fraction: 0.054
Mean autocorrelation time [steps]: 4153.3
Fitted parameters:
t_0 : 2454714.24702 +16.81231 -16.70774
u_0 : 0.08778 +0.08082 -0.02374
t_E : 199.81297 +176.40227 -104.57636
pi_E_N : 0.21062 +0.05333 -0.08583
pi_E_E : 0.25132 +0.10167 -0.19533
xi_period : 1765.60406 +617.93825 -763.98637
xi_semimajor_axis : 1.90071 +1.95320 -1.00331
xi_Omega_node : 256.54254 +10.99316 -9.50089
xi_inclination : 90.14706 +17.04603 -12.15939
xi_argument_of_latitude_reference : 187.33118 +141.63567 -124.25212
xi_eccentricity : 0.64550 +0.02807 -0.03609
xi_omega_periapsis : 151.57164 +139.62599 -127.69094
q_source : 0.61227 +0.35154 -0.50731
Fitted fluxes (source and blending):
flux_s1_1 : 40.49288 +14.64937 -4.66237
flux_s2_1 : 376.11493 +37158.15282 -374.80180
flux_b_1 : -210.91842 +363.90071 -37150.45393
Best model:
chi2: 5890.5415
t_0 u_0 t_E pi_E_N pi_E_E xi_period xi_semimajor_axis xi_Omega_node xi_inclination xi_argument_of_latitude_reference xi_eccentricity xi_omega_periapsis q_source
2454731.77530288 0.06925733973554453 80.35666750598388 0.14856267782154153 0.3755287599181636 2440.814614129419 4.207181273999895 265.77855294478167 108.66924718039016 269.58423403472887 0.6062489951443039 255.83724946344742 0.5526252408324156
Fluxes:
38.28560609129431 69502.2586253211 -69331.83653260567
