Mean acceptance fraction: 0.045
Mean autocorrelation time [steps]: 3157.7
Fitted parameters:
t_0 : 2454201.32507 +10.43321 -11.95855
u_0 : -0.85886 +0.08576 -0.16980
t_E : 197.59701 +23.85072 -22.02989
pi_E_N : -0.10914 +0.07967 -0.04217
pi_E_E : -0.04147 +0.06820 -0.05022
xi_period : 389.85254 +14.21146 -15.22537
xi_semimajor_axis : 0.12512 +0.04650 -0.11541
xi_Omega_node : 337.99810 +27.83165 -355.33998
xi_inclination : 128.34929 +120.03914 -37.65836
xi_argument_of_latitude_reference : 89.48751 +32.92055 -71.40581
q_source : 0.43057 +0.43063 -0.38426
Fitted fluxes (source and blending):
flux_s1_1 : 315.41043 +306.95681 -429.14503
flux_s2_1 : -6.40537 +649.11884 -465.65188
flux_b_1 : 503.55573 +49.65055 -189.97889
Best model:
chi2: 4366.7150
t_0 u_0 t_E pi_E_N pi_E_E xi_period xi_semimajor_axis xi_Omega_node xi_inclination xi_argument_of_latitude_reference q_source
2454211.489749701 -0.7045831980837527 226.70762342292682 -0.08975635264843342 -0.06202198973539043 406.5262441301493 0.1376621033575433 345.24725239791536 247.33260338378062 92.88492406458039 0.04232372615421309
Fluxes:
209.00429257147363 2.270337609175158 600.7548673397771
