Mean acceptance fraction: 0.038
Mean autocorrelation time [steps]: 3544.6
Fitted parameters:
t_0 : 2454269.40763 +8.11806 -11.25846
u_0 : -23.58614 +6.71402 -9.53064
t_E : 4.88972 +1.84500 -1.04781
pi_E_N : 0.58284 +0.26734 -0.60319
pi_E_E : 0.80867 +0.14790 -0.40687
xi_period : 538.67838 +4.37220 -3.94925
xi_semimajor_axis : 19.29036 +4.52820 -4.51033
xi_Omega_node : 321.38392 +3.73359 -4.41119
xi_inclination : 292.63434 +3.10321 -2.29394
xi_argument_of_latitude_reference : 338.59154 +5.44093 -2.39559
q_source : 0.00135 +0.00063 -0.00028
Fitted fluxes (source and blending):
flux_s1_1 : 708624.60045 +1926279.15377 -540268.16188
flux_s2_1 : -761232677716158.50000 +675970642937483.12500 -415541519717842.75000
flux_b_1 : 761232677624985.87500 +415541518558237.87500 -675970642894571.62500
Best model:
chi2: 2338.0213
t_0 u_0 t_E pi_E_N pi_E_E xi_period xi_semimajor_axis xi_Omega_node xi_inclination xi_argument_of_latitude_reference q_source
2454273.3165411726 -25.97415315025465 4.282444072652442 0.5101461587882552 0.65502856583023 540.5317492397671 23.4073411426446 318.0025583812267 289.22882406060717 336.55367871389564 0.0011021848146270724
Fluxes:
1232726.8992998046 -1521624327669504.5 1521624326436891.0
