Mean acceptance fraction: 0.093
Mean autocorrelation time [steps]: 2952.4
Fitted parameters:
t_0 : 2452901.65889 +39.32783 -93.61998
u_0 : -4.53324 +1.98523 -2.41036
t_E : 39.91573 +34.72759 -14.87619
pi_E_N : -0.72696 +0.35547 -0.19940
pi_E_E : -0.49007 +0.39916 -0.33257
xi_period : 199.64954 +4.83170 -3.23298
xi_semimajor_axis : 1.75198 +0.81417 -0.56194
xi_Omega_node : -11.55615 +24.56345 -6.70370
xi_inclination : 285.90644 +14.91154 -5.68820
xi_argument_of_latitude_reference : 259.98421 +7.27358 -18.18232
q_source : 0.08041 +0.25223 -0.03009
Fitted fluxes (source and blending):
flux_s1_1 : 6541.04669 +23025.17093 -4888.02336
flux_s2_1 : -6.70230 +679.40067 -54.47993
flux_b_1 : -8133.84306 +6467.96596 -35799.96833
Best model:
chi2: 456.2915
t_0 u_0 t_E pi_E_N pi_E_E xi_period xi_semimajor_axis xi_Omega_node xi_inclination xi_argument_of_latitude_reference q_source
2452917.665985135 -2.1379863026839323 59.85668240242622 -0.4101615925701274 -0.10217263864711841 198.02219650841636 0.9536338088080131 -17.887528247513874 280.80473077117887 266.04925475216686 0.06828400513671605
Fluxes:
643.5443891683651 -9.883402598142254 -577.4255373266201
