Mean acceptance fraction: 0.363
Mean autocorrelation time [steps]: 204.0
Fitted parameters:
t_0 : 2454348.71512 +0.00197 -0.00209
u_0 : 0.00209 +0.00009 -0.00009
t_E : 93.92514 +2.91702 -2.80951
pi_E_N : 0.04326 +0.09214 -0.09249
pi_E_E : 0.15825 +0.01767 -0.01725
xi_period : 0.35899 +0.00310 -0.00247
xi_semimajor_axis : 0.00127 +0.00008 -0.00007
xi_Omega_node : 98.72024 +0.99549 -0.94070
xi_inclination : 93.97681 +1.35600 -1.51483
xi_argument_of_latitude_reference : 178.84269 +2.53070 -3.13745
q_source : 0.68821 +0.05268 -0.05180
Fitted fluxes (source and blending):
flux_s1_1 : 1.24556 +0.10188 -0.09506
flux_s2_1 : 4.28945 +0.16839 -0.16441
flux_b_1 : -0.93380 +0.15212 -0.15638
Best model:
chi2: 1486.6767
t_0 u_0 t_E pi_E_N pi_E_E xi_period xi_semimajor_axis xi_Omega_node xi_inclination xi_argument_of_latitude_reference q_source
2454348.715525079 0.002104780205233585 93.46035394396903 0.03703196618088972 0.1603434363130105 0.35801528562600843 0.0012717612542168346 98.46227946670851 94.55523109576546 179.73184761456508 0.6768100941070196
Fluxes:
1.2758419766873927 4.290575916223746 -0.9617630600341937
