Mean acceptance fraction: 0.052
Mean autocorrelation time [steps]: 3437.1
Fitted parameters:
t_0 : 2452309.44417 +3.72492 -3.03123
u_0 : -13.24404 +11.26249 -33.39597
t_E : 0.13215 +0.29397 -0.05892
pi_E_N : -0.01362 +0.65462 -0.64238
pi_E_E : -0.10807 +0.74386 -0.62181
xi_period : 179.80741 +16.58008 -13.66971
xi_semimajor_axis : 42.93942 +72.95609 -29.59629
xi_Omega_node : 90.93018 +5.43498 -1.98623
xi_inclination : 94.46695 +2.88386 -2.17494
xi_argument_of_latitude_reference : 240.94499 +10.48179 -11.16632
q_source : 0.40377 +0.27384 -0.20709
Fitted fluxes (source and blending):
flux_s1_1 : -6696100436905.19043 +6653399908532.67480 -80126203717237.95312
flux_s2_1 : 9721996992186.98828 +109434519065981.93750 -9650205133208.29102
flux_b_1 : -2395262409021.51758 +2374328579255.49316 -23162817649482.09375
Best model:
chi2: 1080.8140
t_0 u_0 t_E pi_E_N pi_E_E xi_period xi_semimajor_axis xi_Omega_node xi_inclination xi_argument_of_latitude_reference q_source
2452305.462061889 -76.56976478537926 0.07889647763962382 -0.33934746014670614 -0.4961195342200611 179.38691458818238 109.83936784691977 89.6007265454068 90.7961437523248 229.9493643209965 0.7878426318386638
Fluxes:
-557547910884885.2 579400789582625.0 -21852878697691.375
