Mean acceptance fraction: 0.049
Mean autocorrelation time [steps]: 3506.6
Fitted parameters:
t_0 : 2454586.35062 +1.10930 -1.69653
u_0 : -0.21593 +0.04056 -0.06891
t_E : 72.69593 +10.47739 -12.59467
pi_E_N : 0.05192 +0.25017 -0.24792
pi_E_E : -0.16057 +0.06043 -0.18850
xi_period : 52.12796 +9.14990 -3.95879
xi_semimajor_axis : 0.01680 +0.02818 -0.00902
xi_Omega_node : 362.17227 +12.70932 -62.92002
xi_inclination : 21.77928 +46.68783 -27.27234
xi_argument_of_latitude_reference : 363.13856 +12.91171 -52.22736
q_source : 0.03228 +0.39544 -0.01760
Fitted fluxes (source and blending):
flux_s1_1 : 13.82703 +5.41256 -4.60977
flux_s2_1 : -0.00396 +2.99554 -0.00899
flux_b_1 : 11.33073 +2.96810 -6.07893
Best model:
chi2: 836.2453
t_0 u_0 t_E pi_E_N pi_E_E xi_period xi_semimajor_axis xi_Omega_node xi_inclination xi_argument_of_latitude_reference q_source
2454587.112913794 -0.19747810629972828 77.00648079385651 -0.07668647114535178 -0.14617648618732879 52.689622298722746 0.009671177262120773 371.85639358272863 -3.4802201555716934 377.30236901180496 0.01572715578602227
Fluxes:
13.088241345074852 -0.0003346954385392495 12.694889613113194
