Mean acceptance fraction: 0.078
Mean autocorrelation time [steps]: nan
Fitted parameters:
t_0 : 2454736.75255 +672.24917 -440.02826
u_0 : -0.43884 +0.31684 -0.22581
t_E : 1004.33122 +3211.96351 -220.11295
pi_E_N : 0.24125 +0.25522 -0.32849
pi_E_E : -0.19148 +0.18459 -0.17819
xi_period : 959.57342 +34.26151 -12.00241
xi_semimajor_axis : 1.97627 +0.65662 -0.67173
xi_Omega_node : 373.26141 +5.17645 -18.59441
xi_inclination : 78.44393 +106.97027 -3.01417
xi_argument_of_latitude_reference : 155.00974 +106.91226 -106.09921
xi_eccentricity : 0.59374 +0.10218 -0.26633
xi_omega_periapsis : 175.27885 +124.32804 -91.97219
q_source : 0.45228 +0.49295 -0.07462
Fitted fluxes (source and blending):
flux_s1_1 : 198.91997 +98.47521 -26.18112
flux_s2_1 : 18.32173 +35.97533 -23.91767
flux_b_1 : -50.95539 +43.48034 -35.42429
Best model:
chi2: 6088.2576
t_0 u_0 t_E pi_E_N pi_E_E xi_period xi_semimajor_axis xi_Omega_node xi_inclination xi_argument_of_latitude_reference xi_eccentricity xi_omega_periapsis q_source
2454304.6761532547 -0.10260297334354797 875.0550877563197 0.44642575887163 -0.18473352519723996 955.1103035140158 2.6441636637726083 379.7970395683447 77.19288317416427 151.40176419914087 0.325736923287858 249.9712597937447 0.4109785234032676
Fluxes:
183.00600125735093 57.57719873057669 -31.52340174420639
