Mean acceptance fraction: 0.019
Mean autocorrelation time [steps]: nan
Fitted parameters:
t_0 : 2454212.97889 +13.90147 -18.25892
u_0 : 30.80633 +7.22874 -8.54611
t_E : 6.51295 +1.94604 -1.09188
pi_E_N : -0.41107 +0.73228 -0.41745
pi_E_E : 0.12888 +0.63329 -0.73073
xi_period : 526.20747 +4.25346 -3.25800
xi_semimajor_axis : 16.75691 +3.68334 -3.44623
xi_Omega_node : 350.17242 +4.92056 -83.43367
xi_inclination : 223.87513 +4.28150 -47.90403
xi_argument_of_latitude_reference : 329.88469 +4.03802 -88.98511
q_source : 0.00250 +0.00188 -0.00070
Fitted fluxes (source and blending):
flux_s1_1 : 1157987.24012 +1746668.48282 -805538.19755
flux_s2_1 : -625411252683071.00000 +841603185487134.25000 -276570543978144.75000
flux_b_1 : 625411252198515.25000 +276570543782679.75000 -841603187730010.00000
Best model:
chi2: 2283.0311
t_0 u_0 t_E pi_E_N pi_E_E xi_period xi_semimajor_axis xi_Omega_node xi_inclination xi_argument_of_latitude_reference q_source
2454186.500591138 37.24528777959996 6.33411277578491 -0.6798949909680396 0.11409829903077395 525.9061433863035 17.355273357079362 261.4179238582969 148.87993664737672 238.5854727708431 0.0038771798154126815
Fluxes:
2586319.0368129835 383342659490329.5 -383342662076537.9
