Mean acceptance fraction: 0.029
Mean autocorrelation time [steps]: 3854.0
Fitted parameters:
t_0 : 2454734.16692 +2.52683 -3.57794
u_0 : 0.72028 +0.05992 -0.05380
t_E : 111.28597 +5.06698 -4.63113
pi_E_N : -0.15422 +0.07748 -0.08930
pi_E_E : -0.00546 +0.06130 -0.05884
xi_period : 353.78791 +5.45521 -10.83062
xi_semimajor_axis : 0.13722 +0.05894 -0.03344
xi_Omega_node : 193.03543 +29.59091 -41.94817
xi_inclination : 51.85469 +14.99227 -16.98501
xi_argument_of_latitude_reference : 156.85141 +20.82957 -56.35915
q_source : 0.00828 +0.00297 -0.00230
Fitted fluxes (source and blending):
flux_s1_1 : 185.27112 +28.71008 -23.74316
flux_s2_1 : 0.06518 +0.31864 -0.05138
flux_b_1 : -68.96388 +23.95555 -42.03939
Best model:
chi2: 1679.8396
t_0 u_0 t_E pi_E_N pi_E_E xi_period xi_semimajor_axis xi_Omega_node xi_inclination xi_argument_of_latitude_reference q_source
2454735.6628494165 0.7253515487260493 110.51095597502248 -0.05017182413214754 0.021897044047981283 342.7087782955654 0.14808800731782423 208.5583317194135 60.4976942012565 151.8890765579093 0.007690591782475977
Fluxes:
187.55668556320148 0.01199886157188601 -70.6772783109697
