Mean acceptance fraction: 0.104
Mean autocorrelation time [steps]: 2581.5
Fitted parameters:
t_0 : 2452963.55919 +12.87784 -23.39121
u_0 : 12.39678 +11.35279 -7.14537
t_E : 10.30794 +14.21312 -5.15520
pi_E_N : 0.36142 +0.45600 -0.69836
pi_E_E : -0.23410 +0.55220 -0.51887
xi_period : 202.37054 +4.89110 -3.17276
xi_semimajor_axis : 5.08411 +4.87262 -2.97080
xi_Omega_node : 29.97894 +5.27873 -6.42282
xi_inclination : 257.39471 +2.47056 -2.35174
xi_argument_of_latitude_reference : 266.37265 +5.35405 -4.57421
q_source : 0.09192 +0.01512 -0.01783
Fitted fluxes (source and blending):
flux_s1_1 : 352979.73052 +4414213.64823 -338993.11920
flux_s2_1 : -490.74012 +463.68520 -8478.52146
flux_b_1 : -351904.85110 +338065.66382 -4402616.63033
Best model:
chi2: 454.0310
t_0 u_0 t_E pi_E_N pi_E_E xi_period xi_semimajor_axis xi_Omega_node xi_inclination xi_argument_of_latitude_reference q_source
2452969.066299973 3.388078121883806 26.60619163876929 0.12458244442533718 0.26305228955497134 198.20601240536945 1.6392960949325506 31.96539826531119 258.4247121184106 266.820166416357 0.0770492125030615
Fluxes:
3682.643384590324 -87.67643043682847 -3538.6787603266685
