photfile : dataPoleski/PAR-58-noaver.dat+.OUT
alpha : 17.966277777777776
delta : -28.186555555555554
t0_par : 2360.0
l : 227.2777176259574
b : -85.35498208432817
vN : -12.522248330761052
vE : -27.017162308320536
mu_min : 0
mu_max : 20
mu_E_source : 4.005
mu_N_source : -5.774
mu_E_err_source : 0.934
mu_N_err_source : 0.622
pm_corr_source : 0.2334
output : /galaxymodel/PAR-58-noaver.dat+.OUT
nwalkers : 32
nburnin : 1000
nsamples : 4000
t0 : 2363.0023699998856
tE : 226.90262
u0 : 0.04596
piEN : -0.03966
piEE : -0.21782
sigma_t0 : 11.34165
sigma_tE : 35.06315
sigma_u0 : 0.02993
sigma_piEN : 0.08794
sigma_piEE : 0.06146
