photfile : dataPoleski/PAR-59-noaver.dat+.OUT
alpha : 17.828983333333333
delta : -28.52380555555556
t0_par : 4720.0
l : 231.69843583364596
b : -85.38934757154247
vN : 16.174082870759232
vE : 24.176855999573792
mu_min : 0
mu_max : 20
mu_E_source : -3.627
mu_N_source : -4.889
mu_E_err_source : 0.865
mu_N_err_source : 0.507
pm_corr_source : 0.5049
output : /galaxymodel/PAR-59-noaver.dat+.OUT
nwalkers : 32
nburnin : 1000
nsamples : 4000
t0 : 4722.435490000062
tE : 20.7517
u0 : 0.37378
piEN : -0.566
piEE : -0.54362
sigma_t0 : 0.33364
sigma_tE : 2.19086
sigma_u0 : 0.08387
sigma_piEN : 0.74376
sigma_piEE : 0.2837
