photfile : dataPoleski/PAR-06-noaver.dat
alpha : 18.064555555555557
delta : -26.09963888888889
t0_par : 4180.0
l : 201.64286374267724
b : -85.23452059687644
vN : -14.90179005837371
vE : -25.72673438394391
mu_min : 0
mu_max : 20
mu_E_source : -0.119
mu_N_source : -5.068
mu_E_err_source : 0.102
mu_N_err_source : 0.075
pm_corr_source : 0.2599
output : sim30/galaxymodel/PAR-06-noaver.dat-
nwalkers : 32
nburnin : 1000
nsamples : 4000
t0 : 4179.345100000035
tE : 203.62074
u0 : -0.72222
piEN : -0.0137
piEE : -0.03482
sigma_t0 : 7.17144
sigma_tE : 8.04309
sigma_u0 : 0.05373
sigma_piEN : 0.02027
sigma_piEE : 0.01182
