photfile : dataPoleski/PAR-14-noaver.dat-.OUT
alpha : 17.891241666666666
delta : -28.037583333333334
t0_par : 4730.0
l : 225.61435536381595
b : -85.44876401258728
vN : 13.688171861130268
vE : 26.351058524449023
mu_min : 0
mu_max : 20
mu_E_source : -2.416
mu_N_source : -8.199
mu_E_err_source : 0.269
mu_N_err_source : 0.174
pm_corr_source : -0.0822
output : /galaxymodel/PAR-14-noaver.dat-.OUT
nwalkers : 32
nburnin : 1000
nsamples : 4000
t0 : 4734.210589999799
tE : 116.34722
u0 : -0.44952
piEN : -0.55322
piEE : -0.03142
sigma_t0 : 15.6454
sigma_tE : 55.19511
sigma_u0 : 0.32551
sigma_piEN : 0.48795
sigma_piEE : 0.04125
