photfile : dataPoleski/PAR-39-noaver.dat-.OUT
alpha : 17.892947222222222
delta : -30.979916666666668
t0_par : 4570.0
l : 255.32958593987172
b : -84.15372653003813
vN : -6.560269359546359
vE : -27.264270908527074
mu_min : 0
mu_max : 20
mu_E_source : -0.22
mu_N_source : -1.112
mu_E_err_source : 0.125
mu_N_err_source : 0.085
pm_corr_source : 0.3956
output : /galaxymodel/PAR-39-noaver.dat-.OUT
nwalkers : 32
nburnin : 1000
nsamples : 4000
t0 : 4573.2705399999395
tE : 75.77286
u0 : -0.0228
piEN : 0.0316
piEE : -0.03224
sigma_t0 : 0.02574
sigma_tE : 0.40348
sigma_u0 : 0.00017
sigma_piEN : 0.09862
sigma_piEE : 0.00356
