photfile : dataPoleski/PAR-05-noaver.dat+.OUT
alpha : 17.77651388888889
delta : -32.227833333333336
t0_par : 3490.0
l : 264.17072823358257
b : -83.34948245343232
vN : -2.5692513821714096
vE : -26.115078450372977
mu_min : 0
mu_max : 20
mu_E_source : -0.618
mu_N_source : -4.07
mu_E_err_source : 0.085
mu_N_err_source : 0.053
pm_corr_source : 0.1853
output : /galaxymodel/PAR-05-noaver.dat+.OUT
nwalkers : 32
nburnin : 1000
nsamples : 4000
t0 : 3488.264140000101
tE : 192.78062
u0 : 0.6677
piEN : 0.06492
piEE : -0.03923
sigma_t0 : 2.71783
sigma_tE : 31.04436
sigma_u0 : 0.12997
sigma_piEN : 0.01818
sigma_piEE : 0.00404
