photfile : dataPoleski/PAR-57-noaver.dat+.OUT
alpha : 18.090119444444444
delta : -25.57811111111111
t0_par : 4350.0
l : 195.80547418346998
b : -85.06380683037206
vN : 17.241880995345955
vE : 21.740401975264305
mu_min : 0
mu_max : 20
mu_E_source : -1.578
mu_N_source : -6.217
mu_E_err_source : 0.834
mu_N_err_source : 0.612
pm_corr_source : 0.1179
output : /galaxymodel/PAR-57-noaver.dat+.OUT
nwalkers : 32
nburnin : 1000
nsamples : 4000
t0 : 4347.9697199999355
tE : 36.45407
u0 : 0.0033
piEN : -0.01195
piEE : 0.01945
sigma_t0 : 2.91322
sigma_tE : 36.07568
sigma_u0 : 0.00249
sigma_piEN : 0.07922
sigma_piEE : 0.11755
