Mean acceptance fraction: 0.104
Mean autocorrelation time [steps]: 4174.7
Fitted parameters:
t_0 : 2454673.76424 +39.91560 -9.87003
u_0 : 0.26392 +0.33291 -0.01612
t_E : 426.57018 +22.83083 -167.87401
xi_period : 1029.26196 +10.43398 -96.16705
xi_semimajor_axis : 1.76956 +0.16955 -0.06580
xi_Omega_node : 270.07576 +15.42996 -5.47381
xi_inclination : 80.15270 +1.50769 -26.51206
xi_argument_of_latitude_reference : 237.99031 +103.70405 -126.49104
xi_eccentricity : 0.65313 +0.00620 -0.06013
xi_omega_periapsis : 184.71196 +103.18496 -127.70365
q_source : 0.23736 +0.02789 -0.23183
Fitted fluxes (source and blending):
flux_s1_1 : 92.82256 +154.68417 -9.17703
flux_s2_1 : 6.07303 +1.61160 -36637078.79946
flux_b_1 : 115.80615 +36637095.80367 -11.94833
Best model:
chi2: 6042.3993
t_0 u_0 t_E xi_period xi_semimajor_axis xi_Omega_node xi_inclination xi_argument_of_latitude_reference xi_eccentricity xi_omega_periapsis q_source
2454681.6626920328 0.45965480360018984 227.49659897522415 981.8733816202043 1.875562104675414 262.3237503917971 37.21458944105672 104.5114851616934 0.3745258767661792 37.88681231911859 0.03682905960943864
Fluxes:
198.49368901622208 -204643.13892373722 204655.3342352404
