Mean acceptance fraction: 0.190
Mean autocorrelation time [steps]: 1783.9
Fitted parameters:
t_0 : 2454722.71115 +0.30044 -0.27762
u_0 : 0.06518 +0.05671 -0.04111
t_E : 11.51029 +2.62413 -1.38729
xi_period : 285.75576 +9.36148 -6.23435
xi_semimajor_axis : 3.37349 +1.01991 -1.34740
xi_Omega_node : 20.74787 +2.24216 -2.84726
xi_inclination : 264.12920 +0.62604 -0.52506
xi_argument_of_latitude_reference : 229.07450 +110.85424 -109.28620
xi_eccentricity : 0.11038 +0.03437 -0.02506
xi_omega_periapsis : 140.26969 +111.19027 -109.29148
q_source : 0.19623 +0.03280 -0.05111
Fitted fluxes (source and blending):
flux_s1_1 : 23.87889 +4.28134 -3.49222
flux_s2_1 : -1146.68220 +665.76871 -939.02241
flux_b_1 : 1158.67041 +933.88126 -665.57629
Best model:
chi2: 2010.6065
t_0 u_0 t_E xi_period xi_semimajor_axis xi_Omega_node xi_inclination xi_argument_of_latitude_reference xi_eccentricity xi_omega_periapsis q_source
2454722.5783031895 0.04832310683969835 10.811271320330237 284.3656659639772 3.808849731655491 21.015125626954617 263.9315473925541 242.02180488920368 0.09983041588742818 153.07115841569038 0.20885419202507727
Fluxes:
23.234885080380113 -1510.97167704441 1521.9129226945481
