Mean acceptance fraction: 0.015
Mean autocorrelation time [steps]: 6062.6
Fitted parameters:
t_0 : 2454577.10866 +0.00343 -0.00254
u_0 : 0.02344 +0.00016 -0.00013
t_E : 74.61444 +0.16424 -0.15942
xi_period : 120.39719 +44.62545 -14.29972
xi_semimajor_axis : 0.00336 +0.00244 -0.00052
xi_Omega_node : 149.08650 +5.20809 -6.51606
xi_inclination : 153.18359 +1.84425 -1.33610
xi_argument_of_latitude_reference : 116.44243 +22.84783 -16.20904
xi_eccentricity : 0.49763 +0.06830 -0.04542
xi_omega_periapsis : 64.99597 +18.47864 -15.51904
q_source : 0.15192 +0.14299 -0.03053
Fitted fluxes (source and blending):
flux_s1_1 : 173.90891 +1.19033 -0.95872
flux_s2_1 : -0.00339 +0.00010 -0.00011
flux_b_1 : 13.47704 +0.95834 -1.18819
Best model:
chi2: 10600.6862
t_0 u_0 t_E xi_period xi_semimajor_axis xi_Omega_node xi_inclination xi_argument_of_latitude_reference xi_eccentricity xi_omega_periapsis q_source
2454577.1170501225 0.02369678131124264 74.47938195614255 213.3498132428551 0.007823358110443029 138.84483042564148 154.27915243123414 113.48581285319662 0.6282721894610797 71.45750281809006 0.4065799294902577
Fluxes:
175.8905787329169 -0.003523743654383814 11.50730619309843
