Mean acceptance fraction: 0.016
Mean autocorrelation time [steps]: nan
Fitted parameters:
t_0 : 2459040.95105 +0.00922 -0.01391
u_0 : -0.70448 +0.00012 -0.00010
t_E : 408.93756 +0.00987 -0.01120
xi_period : 284.03998 +68.48577 -216.98480
xi_semimajor_axis : 0.09816 +0.09632 -0.08460
xi_Omega_node : 176.44728 +121.17094 -94.23548
xi_inclination : 176.06664 +118.12635 -108.69024
xi_argument_of_latitude_reference : 169.44154 +101.30214 -99.86270
xi_eccentricity : 0.17574 +0.17635 -0.11119
xi_omega_periapsis : 178.55994 +105.31976 -88.67269
q_source : 0.14806 +0.13299 -0.08492
Fitted fluxes (source and blending):
flux_s1_1 : 342.97121 +139.27775 -237.84205
flux_s2_1 : 3.90427 +240.68886 -108.91103
flux_b_1 : 38.79975 +43.41716 -98.69332
Best model:
chi2: 663.2507
t_0 u_0 t_E xi_period xi_semimajor_axis xi_Omega_node xi_inclination xi_argument_of_latitude_reference xi_eccentricity xi_omega_periapsis q_source
2459040.9541949597 -0.7044813957665041 408.96990374567105 369.56237182999155 0.022244000821561943 9.046499313089768 221.1235674686079 303.98468456647254 0.11505239123923702 241.7600830615742 0.12933720744969784
Fluxes:
-57.034941208995704 388.23789525259593 63.987618026947985
