Mean acceptance fraction: 0.025
Mean autocorrelation time [steps]: 400.6
Fitted parameters:
t_0 : 2459052.55450 +0.06658 -0.04644
u_0 : -0.58410 +0.00026 -0.00312
t_E : 391.53339 +0.02449 -0.12222
xi_period : 292.78801 +67.89666 -227.49148
xi_semimajor_axis : 0.18551 +0.03279 -0.16432
xi_Omega_node : 101.31742 +169.50161 -37.57350
xi_inclination : 180.30123 +120.57200 -125.28307
xi_argument_of_latitude_reference : 183.98781 +106.03468 -118.87325
xi_eccentricity : 0.12202 +0.26116 -0.08754
xi_omega_periapsis : 180.67634 +119.94674 -105.51005
q_source : 0.15252 +0.56798 -0.11101
Fitted fluxes (source and blending):
flux_s1_1 : 369.34808 +47.95396 -182.91500
flux_s2_1 : 13.90515 +127.84762 -24.52991
flux_b_1 : 25.27111 +108.44277 -50.54797
Best model:
chi2: 179.4997
t_0 u_0 t_E xi_period xi_semimajor_axis xi_Omega_node xi_inclination xi_argument_of_latitude_reference xi_eccentricity xi_omega_periapsis q_source
2459078.4230863745 -0.8697089323917655 315.23140344312185 367.6649539664894 0.2647719273251763 13.143967537761043 225.29844493699161 205.5551309970315 0.011390654992902038 299.16123162922486 0.03089015929404093
Fluxes:
711.8564824770007 443.2865062076552 -759.24036261114
