photfile : dataPoleski/PAR-57-noaver.dat
alpha : 18.090119444444444
delta : -25.57811111111111
t0_par : 4349.0
l : 195.80547418346998
b : -85.06380683037206
vN : 17.175042637762523
vE : 21.90336310928624
mu_min : 0
mu_max : 20
mu_E_source : -1.578
mu_N_source : -6.217
mu_E_err_source : 0.834
mu_N_err_source : 0.612
pm_corr_source : 0.1179
output : sim_PAR/galaxymodel_parallaxPAR-57-noaver.dat
nwalkers : 32
nburnin : 10000
nsamples : 40000
t0 : 4348.53433999978
tE : 15599.33766
u0 : 3e-05
piEN : -0.08993
piEE : -0.02954
sigma_t0 : 0.00087
sigma_tE : 7458.02938
sigma_u0 : 2e-05
sigma_piEN : 0.05644
sigma_piEE : 0.01855
