photfile : dataPoleski/PAR-39-noaver.dat
alpha : 17.892947222222222
delta : -30.979916666666668
t0_par : 4577.0
l : 255.32958593987172
b : -84.15372653003813
vN : -5.275490468735686
vE : -26.965166565229737
mu_min : 0
mu_max : 20
mu_E_source : -0.22
mu_N_source : -1.112
mu_E_err_source : 0.125
mu_N_err_source : 0.085
pm_corr_source : 0.3956
output : sim_PAR/galaxymodel_parallaxPAR-39-noaver.dat
nwalkers : 32
nburnin : 10000
nsamples : 40000
t0 : 4577.099669999909
tE : 75.55001
u0 : -0.02284
piEN : -0.1176
piEE : -0.04517
sigma_t0 : 0.00086
sigma_tE : 0.27293
sigma_u0 : 8e-05
sigma_piEN : 0.08086
sigma_piEE : 0.00872
