photfile : dataPoleski/PAR-15-noaver.dat
alpha : 17.974202777777776
delta : -26.566416666666665
t0_par : 4723.0
l : 207.07336388920612
b : -85.40245912894257
vN : 16.073574422686942
vE : 24.05749982302363
mu_min : 0
mu_max : 20
mu_E_source : 1.344
mu_N_source : -1.592
mu_E_err_source : 0.262
mu_N_err_source : 0.171
pm_corr_source : 0.458
output : sim_PAR/galaxymodel_parallaxPAR-15-noaver.dat
nwalkers : 32
nburnin : 10000
nsamples : 40000
t0 : 4722.048760000151
tE : 133.7785
u0 : 0.48847
piEN : -0.03634
piEE : -0.13894
sigma_t0 : 0.34522
sigma_tE : 5.22305
sigma_u0 : 0.03651
sigma_piEN : 0.0151
sigma_piEE : 0.00567
