photfile : dataPoleski/PAR-06-noaver.dat
alpha : 18.064555555555557
delta : -26.09963888888889
t0_par : 4254.0
l : 201.64286374267724
b : -85.23452059687644
vN : 13.5215246830401
vE : -6.6296009036825545
mu_min : 0
mu_max : 20
mu_E_source : -0.119
mu_N_source : -5.068
mu_E_err_source : 0.102
mu_N_err_source : 0.075
pm_corr_source : 0.2599
output : sim_PAR/galaxymodel_parallaxPAR-06-noaver.dat
nwalkers : 32
nburnin : 10000
nsamples : 40000
t0 : 4279.145299999975
tE : 140.34478
u0 : 0.86238
piEN : 0.18229
piEE : -0.17929
sigma_t0 : 0.36516
sigma_tE : 2.29579
sigma_u0 : 0.02572
sigma_piEN : 0.00284
sigma_piEE : 0.00209
