photfile : dataPoleski/PAR-59-noaver.dat
alpha : 17.828983333333333
delta : -28.52380555555556
t0_par : 4722.0
l : 231.69843583364596
b : -85.38934757154247
vN : 16.26936361838867
vE : 24.060306151611815
mu_min : 0
mu_max : 20
mu_E_source : -3.627
mu_N_source : -4.889
mu_E_err_source : 0.865
mu_N_err_source : 0.507
pm_corr_source : 0.5049
output : sim_PAR/galaxymodel_parallaxPAR-59-noaver.dat
nwalkers : 32
nburnin : 10000
nsamples : 40000
t0 : 4721.919790000189
tE : 104.12896
u0 : 0.0418
piEN : -2.31733
piEE : -0.96274
sigma_t0 : 0.08566
sigma_tE : 17.28477
sigma_u0 : 0.00759
sigma_piEN : 0.24733
sigma_piEE : 0.10363
