photfile : dataPoleski/PAR-52-noaver.dat
alpha : 18.118244444444446
delta : -25.390805555555556
t0_par : 4589.0
l : 193.88547096563485
b : -84.97467293800811
vN : -2.8161944955839786
vE : -25.463696626977505
mu_min : 0
mu_max : 20
mu_E_source : -0.754
mu_N_source : 0.834
mu_E_err_source : 0.549
mu_N_err_source : 0.373
pm_corr_source : -0.2077
output : sim_PAR/galaxymodel_parallaxPAR-52-noaver.dat
nwalkers : 32
nburnin : 10000
nsamples : 40000
t0 : 4588.609300000127
tE : 63.80678
u0 : 0.24226
piEN : -0.41835
piEE : -0.45127
sigma_t0 : 0.17187
sigma_tE : 4.4605
sigma_u0 : 0.02164
sigma_piEN : 0.18739
sigma_piEE : 0.0757
