photfile : dataPoleski/PAR-47-noaver.dat
alpha : 17.8561
delta : -29.316333333333333
t0_par : 4385.0
l : 240.52544299212934
b : -85.08434831792646
vN : 9.128067674976693
vE : 27.631831814881448
mu_min : 0
mu_max : 20
mu_E_source : -2.815
mu_N_source : -9.244
mu_E_err_source : 0.323
mu_N_err_source : 0.2
pm_corr_source : 0.0784
output : sim_PAR/galaxymodel_parallaxPAR-47-noaver.dat
nwalkers : 32
nburnin : 10000
nsamples : 40000
t0 : 4385.410800000187
tE : 2.10715
u0 : 40.46458
piEN : -3.5359
piEE : 5.89312
sigma_t0 : 1.08256
sigma_tE : 6.53922
sigma_u0 : 88.50499
sigma_piEN : 7.2008
sigma_piEE : 13.6767
