photfile : dataPoleski/PAR-58-noaver.dat
alpha : 17.966277777777776
delta : -28.186555555555554
t0_par : 2345.0
l : 227.2777176259574
b : -85.35498208432817
vN : -16.74513032813158
vE : -24.0352022154628
mu_min : 0
mu_max : 20
mu_E_source : 4.005
mu_N_source : -5.774
mu_E_err_source : 0.934
mu_N_err_source : 0.622
pm_corr_source : 0.2334
output : sim_PAR/galaxymodel_parallaxPAR-58-noaver.dat
nwalkers : 32
nburnin : 10000
nsamples : 40000
t0 : 2344.5950199998915
tE : 102.4143
u0 : 0.05304
piEN : 0.51587
piEE : 0.97105
sigma_t0 : 0.47949
sigma_tE : 19.30921
sigma_u0 : 0.01337
sigma_piEN : 0.08317
sigma_piEE : 0.16212
