photfile : dataPoleski/PAR-44-noaver.dat
alpha : 17.856102777777778
delta : -29.316333333333333
t0_par : 4388.0
l : 240.5254309443936
b : -85.08434612693395
vN : 7.928906610003636
vE : 27.607167352192327
mu_min : 0
mu_max : 20
mu_E_source : -2.815
mu_N_source : -9.244
mu_E_err_source : 0.323
mu_N_err_source : 0.2
pm_corr_source : 0.0784
output : sim_PAR/galaxymodel_parallaxPAR-44-noaver.dat
nwalkers : 32
nburnin : 10000
nsamples : 40000
t0 : 4389.248290000018
tE : 0.46413
u0 : 222.74459
piEN : -11.89249
piEE : 15.45233
sigma_t0 : 1.76886
sigma_tE : 1.44133
sigma_u0 : 1098.10958
sigma_piEN : 65.76563
sigma_piEE : 73.32209
