photfile : dataPoleski/PAR-35-noaver.dat
alpha : 17.590538888888887
delta : -22.483138888888888
t0_par : 2941.0
l : 166.70405627255056
b : -83.67529922473412
vN : 7.795790108214593
vE : 27.441149498974877
mu_min : 0
mu_max : 20
mu_E_source : -4.264
mu_N_source : -7.909
mu_E_err_source : 0.398
mu_N_err_source : 0.263
pm_corr_source : 0.4175
output : sim_PAR/galaxymodel_parallaxPAR-35-noaver.dat
nwalkers : 32
nburnin : 10000
nsamples : 40000
t0 : 2932.0292099998333
tE : 171.51129
u0 : -0.19208
piEN : -0.48568
piEE : 0.36442
sigma_t0 : 2.94684
sigma_tE : 21.14727
sigma_u0 : 0.03717
sigma_piEN : 0.0494
sigma_piEE : 0.03913
