photfile : dataPoleski/PAR-14-noaver.dat
alpha : 17.891241666666666
delta : -28.037583333333334
t0_par : 4717.0
l : 225.61435536381595
b : -85.44876401258728
vN : 16.951260459186788
vE : 23.02617048089345
mu_min : 0
mu_max : 20
mu_E_source : -2.416
mu_N_source : -8.199
mu_E_err_source : 0.269
mu_N_err_source : 0.174
pm_corr_source : -0.0822
output : sim_PAR/galaxymodel_parallaxPAR-14-noaver.dat
nwalkers : 32
nburnin : 10000
nsamples : 40000
t0 : 4717.708360000048
tE : 103.17475
u0 : 0.13025
piEN : 0.96277
piEE : -0.17513
sigma_t0 : 0.04307
sigma_tE : 4.66456
sigma_u0 : 0.00563
sigma_piEN : 0.02026
sigma_piEE : 0.00716
