Mean acceptance fraction: 0.039
Mean autocorrelation time [steps]: 419.5
Fitted parameters:
t_0 : 2453657.50138 +39.62128 -0.15282
u_0 : 0.75262 +0.10656 -0.00078
t_E : 342.50204 +1.42153 -0.06225
xi_period : 351.30997 +29.36618 -17.68347
xi_semimajor_axis : 0.04025 +0.14810 -0.04017
xi_Omega_node : 135.00526 +194.42637 -23.45220
xi_inclination : 178.72799 +59.67999 -64.76482
xi_argument_of_latitude_reference : 116.40776 +131.63686 -99.61579
xi_eccentricity : 0.35012 +0.26958 -0.13375
xi_omega_periapsis : 174.65690 +170.76240 -110.03338
q_source : 0.13639 +0.51439 -0.13214
Fitted fluxes (source and blending):
flux_s1_1 : 1161.60585 +17195.52228 -1058.20123
flux_s2_1 : -685.91624 +978.21450 -18545.82774
flux_b_1 : 717.56242 +159.47723 -69.33219
Best model:
chi2: 4530.9412
t_0 u_0 t_E xi_period xi_semimajor_axis xi_Omega_node xi_inclination xi_argument_of_latitude_reference xi_eccentricity xi_omega_periapsis q_source
2453699.426770223 0.9649388894436258 332.5893360732418 351.27384986466234 5.270243509195661e-07 127.11343365480477 113.30785668250687 65.32414452059969 0.2244527741115824 45.37592937651394 0.0009883532413848394
Fluxes:
297950.74826095626 -297180.3771548832 506.6886685137579
