Mean acceptance fraction: 0.026
Mean autocorrelation time [steps]: nan
Fitted parameters:
t_0 : 2454758.37487 +0.00814 -0.18319
u_0 : 0.35153 +0.00009 -0.00279
t_E : 366.56113 +0.06480 -0.00731
xi_period : 278.30909 +221.30018 -43.19029
xi_semimajor_axis : 0.29924 +0.43869 -0.25778
xi_Omega_node : 260.36387 +30.58759 -170.91175
xi_inclination : 170.61753 +92.39755 -83.05293
xi_argument_of_latitude_reference : 195.77118 +73.22939 -101.52002
xi_eccentricity : 0.23556 +0.26489 -0.15083
xi_omega_periapsis : 177.28628 +76.94962 -84.17972
q_source : 0.20744 +0.51755 -0.08372
Fitted fluxes (source and blending):
flux_s1_1 : 40.48661 +13.62421 -55.24678
flux_s2_1 : 0.06703 +50.01389 -10.64402
flux_b_1 : 169.97387 +25.38817 -13.13258
Best model:
chi2: 6533.7557
t_0 u_0 t_E xi_period xi_semimajor_axis xi_Omega_node xi_inclination xi_argument_of_latitude_reference xi_eccentricity xi_omega_periapsis q_source
2454742.8210399365 0.2923558948769332 429.80465817458304 865.2740998956259 1.222063376696389 285.4008808960382 87.88082945554714 193.4373953351594 0.5481466882395402 131.23146339280504 0.11358713753634678
Fluxes:
43.03172831106264 4.15476125035967 162.51584186194282
