Mean acceptance fraction: 0.033
Mean autocorrelation time [steps]: 417.5
Fitted parameters:
t_0 : 2454739.09025 +2.54009 -0.04077
u_0 : 0.72932 +0.00870 -0.00054
t_E : 105.82823 +0.21781 -0.05943
xi_period : 342.79411 +76.80844 -152.86437
xi_semimajor_axis : 0.15005 +0.05346 -0.13945
xi_Omega_node : 137.69212 +106.50941 -74.29872
xi_inclination : 177.08117 +98.80844 -110.37999
xi_argument_of_latitude_reference : 183.88945 +99.58261 -114.65612
xi_eccentricity : 0.21268 +0.10255 -0.09787
xi_omega_periapsis : 179.97267 +114.23452 -111.13738
q_source : 0.16685 +0.57599 -0.09421
Fitted fluxes (source and blending):
flux_s1_1 : 185.69608 +275.19089 -161.12143
flux_s2_1 : 7.51247 +189.85067 -243.14341
flux_b_1 : -85.78344 +13.23336 -28.48113
Best model:
chi2: 1747.2013
t_0 u_0 t_E xi_period xi_semimajor_axis xi_Omega_node xi_inclination xi_argument_of_latitude_reference xi_eccentricity xi_omega_periapsis q_source
2454751.414994193 0.5807357117561979 115.76584101672259 215.98632043690458 0.07034362023837636 266.0306368059951 250.44053855801442 177.2431724981264 0.22971086060517917 242.0789735195195 0.688801825655484
Fluxes:
-40.26900127955758 212.08374673575133 -54.90684337478345
