Mean acceptance fraction: 0.041
Mean autocorrelation time [steps]: 408.4
Fitted parameters:
t_0 : 2452958.95908 +1.85184 -0.18222
u_0 : 11.75251 +0.07499 -0.04317
t_E : 10.45379 +0.63302 -0.08040
xi_period : 199.69209 +24.87831 -7.49455
xi_semimajor_axis : 0.22889 +0.71731 -0.17826
xi_Omega_node : 203.45522 +11.01875 -162.96400
xi_inclination : 172.39732 +77.41480 -62.51228
xi_argument_of_latitude_reference : 181.48385 +121.76275 -128.60285
xi_eccentricity : 0.24688 +0.31372 -0.19781
xi_omega_periapsis : 166.44840 +137.49354 -122.34244
q_source : 0.22717 +0.59562 -0.17986
Fitted fluxes (source and blending):
flux_s1_1 : 62308.80093 +6066291.36450 -126544.42118
flux_s2_1 : 227761.89557 +176055.28573 -5945691.40085
flux_b_1 : -368037.01973 +49505.46841 -88592.36785
Best model:
chi2: 510.6048
t_0 u_0 t_E xi_period xi_semimajor_axis xi_Omega_node xi_inclination xi_argument_of_latitude_reference xi_eccentricity xi_omega_periapsis q_source
2452958.9585202765 11.751676921095914 10.430545901467987 197.43803419109597 0.12048701835222969 207.41041027893974 110.02334626205541 76.89558464005857 0.05991107855827535 260.9954506829443 0.024284083435944355
Fluxes:
9852.181321328047 322771.3935118029 -332567.3805212529
