Mean acceptance fraction: 0.033
Mean autocorrelation time [steps]: 426.2
Fitted parameters:
t_0 : 2454186.13499 +0.25342 -0.07902
u_0 : 14.28503 +0.03363 -0.00714
t_E : 28.10638 +0.09801 -0.34269
xi_period : 493.95998 +120.66549 -195.83080
xi_semimajor_axis : 0.46092 +3.35590 -0.43973
xi_Omega_node : 197.40011 +39.67055 -145.78425
xi_inclination : 176.14499 +89.84275 -81.49432
xi_argument_of_latitude_reference : 235.42157 +101.44484 -123.58378
xi_eccentricity : 0.64084 +0.30580 -0.44882
xi_omega_periapsis : 143.65904 +130.10463 -110.96474
q_source : 0.12303 +0.67690 -0.07923
Fitted fluxes (source and blending):
flux_s1_1 : 64315.89625 +13234341.02556 -60916.83375
flux_s2_1 : 12911.85769 +43535.29906 -12588827.39016
flux_b_1 : -106256.57894 +80345.94521 -164793.12592
Best model:
chi2: 2189.5684
t_0 u_0 t_E xi_period xi_semimajor_axis xi_Omega_node xi_inclination xi_argument_of_latitude_reference xi_eccentricity xi_omega_periapsis q_source
2454185.8598648407 14.263464777520644 28.59510592271498 873.490380506465 7.857055113369305 228.1820565309768 101.64628127837602 320.79636190409343 0.2160389790887667 77.00886193939976 0.2777057923587079
Fluxes:
63820.56314677004 -6073.294261058785 -57635.991141699575
