Mean acceptance fraction: 0.042
Mean autocorrelation time [steps]: 417.2
Fitted parameters:
t_0 : 2454322.47147 +3.21552 -0.39373
u_0 : 23.14360 +0.63862 -0.17080
t_E : 2.89152 +1.12330 -0.14448
xi_period : 354.45152 +29.57975 -39.94992
xi_semimajor_axis : 0.41174 +1.73093 -0.33723
xi_Omega_node : 204.15126 +38.29612 -177.78666
xi_inclination : 173.63801 +44.81203 -31.38680
xi_argument_of_latitude_reference : 167.34682 +130.23934 -123.99082
xi_eccentricity : 0.22188 +0.13074 -0.13109
xi_omega_periapsis : 212.38246 +104.05543 -146.56014
q_source : 0.12219 +0.21787 -0.09531
Fitted fluxes (source and blending):
flux_s1_1 : -3263530.24686 +369315807.12252 -9548234.82051
flux_s2_1 : 20309169.78045 +16864873.93453 -359849428.67561
flux_b_1 : -21194258.75257 +12277629.54427 -8951828.61247
Best model:
chi2: 2437.5156
t_0 u_0 t_E xi_period xi_semimajor_axis xi_Omega_node xi_inclination xi_argument_of_latitude_reference xi_eccentricity xi_omega_periapsis q_source
2454313.329186428 23.221241903698242 4.0201718220903 355.3975604059728 6.793883226329861 14.818830603598787 156.53279864794027 51.23859228032234 0.32611972623113195 216.2928087027983 0.5420345322258311
Fluxes:
-893593.6510334244 10636388.54753874 -9742681.855050307
