Mean acceptance fraction: 0.012
Mean autocorrelation time [steps]: nan
Fitted parameters:
t_0 : 2454577.10614 +0.00718 -0.00789
u_0 : 0.02314 +0.00001 -0.00001
t_E : 74.78493 +0.00730 -0.00614
xi_period : 274.47799 +123.87822 -74.24909
xi_semimajor_axis : 0.00747 +0.03672 -0.00306
xi_Omega_node : 183.60883 +81.25702 -82.11945
xi_inclination : 197.43158 +71.31938 -104.72114
xi_argument_of_latitude_reference : 199.67399 +58.44142 -96.25927
xi_eccentricity : 0.26504 +0.17253 -0.13032
xi_omega_periapsis : 144.07797 +105.76439 -55.53836
q_source : 0.19260 +0.08594 -0.10164
Fitted fluxes (source and blending):
flux_s1_1 : 171.66627 +0.58241 -1.58428
flux_s2_1 : -0.00373 +3.53275 -0.01321
flux_b_1 : 15.39352 +0.57415 -1.98800
Best model:
chi2: 10873.2819
t_0 u_0 t_E xi_period xi_semimajor_axis xi_Omega_node xi_inclination xi_argument_of_latitude_reference xi_eccentricity xi_omega_periapsis q_source
2454577.1020693956 0.02315339498697837 74.77645322869316 321.31414755631533 0.0025660512136276266 140.79363028733852 153.69320261537106 109.40957865427455 0.4973914917318164 64.99894994431514 0.12883592069239277
Fluxes:
171.68906226574327 -0.0035170489382346758 15.791725759559109
