Mean acceptance fraction: 0.017
Mean autocorrelation time [steps]: nan
Fitted parameters:
t_0 : 2454348.59253 +0.01345 -0.01159
u_0 : 0.00133 +0.00000 -0.00000
t_E : 107.76054 +0.03286 -0.00933
xi_period : 72.73231 +162.78831 -70.65419
xi_semimajor_axis : 0.02484 +0.15503 -0.02212
xi_Omega_node : 197.15359 +156.53335 -170.27792
xi_inclination : 164.87111 +106.21862 -78.89743
xi_argument_of_latitude_reference : 192.17938 +75.01968 -88.51063
xi_eccentricity : 0.21417 +0.30147 -0.11146
xi_omega_periapsis : 142.91776 +94.91072 -97.62515
q_source : 0.25522 +0.26475 -0.18351
Fitted fluxes (source and blending):
flux_s1_1 : 3.56832 +0.40086 -1.38966
flux_s2_1 : 1.07786 +2.80802 -4.06395
flux_b_1 : 0.26689 +3.62201 -1.14774
Best model:
chi2: 2156.6747
t_0 u_0 t_E xi_period xi_semimajor_axis xi_Omega_node xi_inclination xi_argument_of_latitude_reference xi_eccentricity xi_omega_periapsis q_source
2454348.5881441236 0.001333340623396118 107.79385205033236 1.1921561941628842 0.0018856793636080323 318.80357691058737 111.17898693049389 179.50487815742184 0.0911591841271639 169.91074158003138 0.38927519508850017
Fluxes:
3.9598369033264564 0.5904050633762292 0.15104237650918861
