Mean acceptance fraction: 0.033
Mean autocorrelation time [steps]: 425.0
Fitted parameters:
t_0 : 2454029.53146 +0.01557 -3.20422
u_0 : 0.48669 +0.01167 -0.00352
t_E : 79.62486 +0.01842 -3.84612
xi_period : 218.28401 +158.69722 -19.94093
xi_semimajor_axis : 0.22135 +0.04794 -0.16728
xi_Omega_node : 241.47381 +24.57238 -137.39912
xi_inclination : 221.02783 +60.44090 -136.01913
xi_argument_of_latitude_reference : 186.74149 +114.60643 -103.74645
xi_eccentricity : 0.41273 +0.09582 -0.23368
xi_omega_periapsis : 174.93486 +103.38479 -116.42636
q_source : 0.17053 +0.12199 -0.07134
Fitted fluxes (source and blending):
flux_s1_1 : 250.92506 +67.65118 -249.41455
flux_s2_1 : -1.20711 +203.59148 -40.11395
flux_b_1 : -39.19876 +43.80033 -40.69171
Best model:
chi2: 4500.6615
t_0 u_0 t_E xi_period xi_semimajor_axis xi_Omega_node xi_inclination xi_argument_of_latitude_reference xi_eccentricity xi_omega_periapsis q_source
2454029.6037680693 0.4863434763048131 79.69373326204584 229.03445412829518 0.2764395446877965 268.72523847911214 208.3653548225908 177.43654571853585 0.4328691181485332 97.99055392688575 0.013700816482764347
Fluxes:
259.61820446570033 8.592821669159257 -63.75143937022902
