Mean acceptance fraction: 0.025
Mean autocorrelation time [steps]: 417.9
Fitted parameters:
t_0 : 2454581.15593 +0.03244 -0.03417
u_0 : 0.06181 +0.00006 -0.00004
t_E : 101.98239 +0.03265 -0.04043
xi_period : 257.27167 +85.61980 -78.38599
xi_semimajor_axis : 0.05071 +0.25970 -0.03178
xi_Omega_node : 196.63980 +47.81249 -69.93772
xi_inclination : 179.09050 +106.37116 -102.95813
xi_argument_of_latitude_reference : 183.81010 +118.81510 -116.20358
xi_eccentricity : 0.26768 +0.20921 -0.18178
xi_omega_periapsis : 178.02453 +126.30470 -114.43032
q_source : 0.23134 +0.43567 -0.12976
Fitted fluxes (source and blending):
flux_s1_1 : 1.13719 +1.76758 -0.46305
flux_s2_1 : 6.35224 +2.43575 -1.88059
flux_b_1 : 18.35123 +1.56351 -3.31929
Best model:
chi2: 1103.2165
t_0 u_0 t_E xi_period xi_semimajor_axis xi_Omega_node xi_inclination xi_argument_of_latitude_reference xi_eccentricity xi_omega_periapsis q_source
2454581.1650051572 0.06190849963889704 102.00779431562661 105.82633845605332 0.026260866884504012 76.05793554632146 114.13747729761191 368.5826339863339 0.6975366884212864 364.805217139954 0.23628325649261955
Fluxes:
0.36832031918309904 6.762797068799443 18.685816422789223
