Mean acceptance fraction: 0.042
Mean autocorrelation time [steps]: 439.5
Fitted parameters:
t_0 : 2454212.99763 +0.07639 -28.24725
u_0 : 0.89432 +0.00156 -0.13954
t_E : 199.35642 +0.56496 -5.38133
xi_period : 347.40258 +58.09015 -57.35532
xi_semimajor_axis : 0.21377 +0.04955 -0.10225
xi_Omega_node : 118.05723 +21.65457 -20.27762
xi_inclination : 237.91847 +56.36617 -173.86203
xi_argument_of_latitude_reference : 148.41093 +116.90945 -99.62158
xi_eccentricity : 0.06714 +0.24675 -0.05511
xi_omega_periapsis : 223.04278 +93.55836 -118.20386
q_source : 0.36377 +0.52481 -0.24692
Fitted fluxes (source and blending):
flux_s1_1 : 263.43718 +88.51923 -209.17157
flux_s2_1 : 138.95788 +210.38932 -143.06660
flux_b_1 : 427.66124 +47.48847 -45.74660
Best model:
chi2: 4378.6235
t_0 u_0 t_E xi_period xi_semimajor_axis xi_Omega_node xi_inclination xi_argument_of_latitude_reference xi_eccentricity xi_omega_periapsis q_source
2454206.5970246564 0.9423767874671423 199.65776946059347 383.52557613516365 0.20513372269155006 117.99218331800844 298.8284760975792 92.5473153555788 0.04115337290759241 84.13543033634403 0.027650484817132448
Fluxes:
370.93447467679005 -21.584938285556632 464.24482324983853
