Mean acceptance fraction: 0.020
Mean autocorrelation time [steps]: 412.8
Fitted parameters:
t_0 : 2454724.04412 +0.01728 -0.01529
u_0 : 0.22629 +0.00017 -0.00017
t_E : 21.23133 +0.01583 -0.01745
xi_period : 180.74583 +125.74405 -64.76026
xi_semimajor_axis : 0.10732 +0.12600 -0.10255
xi_Omega_node : 182.02169 +91.49181 -123.64384
xi_inclination : 171.04108 +114.54419 -96.34243
xi_argument_of_latitude_reference : 175.42765 +119.50549 -116.89308
xi_eccentricity : 0.27658 +0.27148 -0.18679
xi_omega_periapsis : 180.75396 +118.09225 -106.61494
q_source : 0.14656 +0.20008 -0.09302
Fitted fluxes (source and blending):
flux_s1_1 : 37.56194 +29.19281 -79.44887
flux_s2_1 : -22.54565 +137.25981 -33.47403
flux_b_1 : 8.75854 +18.56048 -15.25743
Best model:
chi2: 2055.1778
t_0 u_0 t_E xi_period xi_semimajor_axis xi_Omega_node xi_inclination xi_argument_of_latitude_reference xi_eccentricity xi_omega_periapsis q_source
2454724.0173269752 0.22638053539959058 21.221328842313838 362.5650843115495 0.16157632954216652 14.042113946588188 266.4388489995474 336.24681586163047 0.5023409091782229 249.8451696149033 0.023015458152701937
Fluxes:
35.977775922851336 -48.20371953291171 46.392420860066245
