Mean acceptance fraction: 0.062
Mean autocorrelation time [steps]: nan
Fitted parameters:
t_0 : 2454741.84119 +1.00611 -68.20324
u_0 : -0.30329 +0.12363 -0.10462
t_E : 427.52776 +9.76180 -96.45832
pi_E_N : 0.09580 +0.36924 -0.27184
pi_E_E : -0.07476 +0.38726 -0.42312
xi_period : 1065.76281 +810.94615 -79.01010
xi_semimajor_axis : 1.39511 +0.10384 -0.05074
xi_Omega_node : 286.35835 +15.10870 -15.98756
xi_inclination : 85.96686 +73.39031 -69.12105
xi_argument_of_latitude_reference : 131.31118 +112.38662 -91.86152
xi_eccentricity : 0.73405 +0.03334 -0.72548
xi_omega_periapsis : 171.08769 +120.19375 -48.71257
q_source : 0.55661 +0.37771 -0.21375
Fitted fluxes (source and blending):
flux_s1_1 : 144.32416 +197.03221 -38.31778
flux_s2_1 : -9.57385 +2.78401 -247.57267
flux_b_1 : 84.55254 +53.47549 -15.76257
Best model:
chi2: 6170.7363
t_0 u_0 t_E pi_E_N pi_E_E xi_period xi_semimajor_axis xi_Omega_node xi_inclination xi_argument_of_latitude_reference xi_eccentricity xi_omega_periapsis q_source
2454715.26312123 -0.3991963139248294 277.123129713026 0.4835662311600152 0.4108487732312893 1072.23660126976 1.4293269416814682 287.40228465982136 55.538987358465604 119.91735709143822 0.7693117858675917 205.72838730136652 0.26883562440543707
Fluxes:
135.59105941787382 -11.10794484178637 84.80652141351683
