Mean acceptance fraction: 0.052
Mean autocorrelation time [steps]: 3780.6
Fitted parameters:
t_0 : 2452929.19157 +70.84866 -103.98591
u_0 : -2.93148 +0.81927 -1.71429
t_E : 44.36905 +41.51883 -15.39231
pi_E_N : -0.39821 +0.79918 -0.36383
pi_E_E : -0.25461 +0.64485 -0.51531
xi_period : 203.85093 +12.33050 -5.91147
xi_semimajor_axis : 1.56420 +0.39809 -0.47337
xi_Omega_node : 1.81658 +114.57308 -18.78547
xi_inclination : 288.05583 +12.94443 -7.16458
xi_argument_of_latitude_reference : 246.97366 +20.52964 -148.46467
q_source : 0.09220 +0.04120 -0.03786
Fitted fluxes (source and blending):
flux_s1_1 : 1812.41637 +4697.00836 -1079.91419
flux_s2_1 : -2.82887 +757.95049 -39.69127
flux_b_1 : -2091.22153 +1416.40296 -14063.70374
Best model:
chi2: 454.9705
t_0 u_0 t_E pi_E_N pi_E_E xi_period xi_semimajor_axis xi_Omega_node xi_inclination xi_argument_of_latitude_reference q_source
2452932.157286173 -1.5019123833200299 68.11430303940432 -0.33004507471227645 0.004917074082679497 197.82847411050992 0.7803551140051778 -18.972283825754847 279.95939896884005 266.45091516139206 0.06677709094859328
Fluxes:
276.52122537433576 -7.641110157274028 -212.66977038778703
