Mean acceptance fraction: 0.385
Mean autocorrelation time [steps]: 171.9
Fitted parameters:
t_0 : 2454348.75574 +0.00105 -0.00104
u_0 : -0.00249 +0.00009 -0.00009
t_E : 99.53022 +3.57822 -3.25380
pi_E_N : 0.24866 +0.09182 -0.09713
pi_E_E : 0.13737 +0.01540 -0.01506
xi_period : 0.46079 +0.00120 -0.00118
xi_semimajor_axis : 0.00135 +0.00005 -0.00005
xi_Omega_node : 88.92890 +0.41823 -0.42155
xi_inclination : 84.59838 +0.21927 -0.21960
xi_argument_of_latitude_reference : 109.92036 +0.79407 -0.79407
q_source : 0.40814 +0.00639 -0.00632
Fitted fluxes (source and blending):
flux_s1_1 : 5.49165 +0.18955 -0.19330
flux_s2_1 : -0.32340 +0.02067 -0.02197
flux_b_1 : -0.59540 +0.16497 -0.16071
Best model:
chi2: 1418.6770
t_0 u_0 t_E pi_E_N pi_E_E xi_period xi_semimajor_axis xi_Omega_node xi_inclination xi_argument_of_latitude_reference q_source
2454348.7557813674 -0.0024781409780933214 100.06621333106015 0.2690612695227128 0.13125257231651768 0.4607751879963173 0.0013458591391468336 88.88535921715288 84.56338701335099 109.9330537051055 0.4085906544442433
Fluxes:
5.460203423437165 -0.3222635180432129 -0.5677600777609512
