Mean acceptance fraction: 0.053
Mean autocorrelation time [steps]: 3336.2
Fitted parameters:
t_0 : 2452309.63671 +3.32325 -3.19146
u_0 : -10.92750 +9.36603 -23.59214
t_E : 0.17856 +0.53821 -0.08904
pi_E_N : -0.02394 +0.69714 -0.69496
pi_E_E : -0.25093 +0.75100 -0.50711
xi_period : 180.04348 +16.44729 -13.10785
xi_semimajor_axis : 29.14657 +45.22392 -20.44646
xi_Omega_node : 90.78818 +4.34517 -2.06020
xi_inclination : 94.65968 +2.57135 -2.52095
xi_argument_of_latitude_reference : 240.38833 +11.91583 -11.59121
q_source : 0.34571 +0.26216 -0.17166
Fitted fluxes (source and blending):
flux_s1_1 : -1828636139408.53149 +1825651710262.27661 -37824797091012.82031
flux_s2_1 : 2748940022894.12793 +51362973513996.45312 -2743618653226.12549
flux_b_1 : -700454769778.21533 +697681060331.20581 -10476094613511.43359
Best model:
chi2: 1082.7633
t_0 u_0 t_E pi_E_N pi_E_E xi_period xi_semimajor_axis xi_Omega_node xi_inclination xi_argument_of_latitude_reference q_source
2452307.555419595 -11.752725345103066 0.06550507459632329 -0.044282769116243514 -0.15592686580266213 181.99661308647472 26.76898019575789 90.1857204066096 92.05441574396013 240.38833098330056 0.22045638866345416
Fluxes:
-729000094518068.2 770579092176405.9 -41578997658289.31
