Mean acceptance fraction: 0.029
Mean autocorrelation time [steps]: 3658.7
Fitted parameters:
t_0 : 2454028.76073 +1.91510 -1.63732
u_0 : -0.45845 +0.02648 -0.01032
t_E : 77.09050 +1.24091 -1.43639
pi_E_N : 0.19566 +0.09682 -0.08979
pi_E_E : -0.11808 +0.11238 -0.03847
xi_period : 321.68602 +32.18274 -39.14674
xi_semimajor_axis : 0.43301 +0.06355 -0.05822
xi_Omega_node : 252.80051 +3.02244 -7.28122
xi_inclination : 288.82281 +7.48633 -10.80734
xi_argument_of_latitude_reference : 193.33131 +96.35886 -110.16224
xi_eccentricity : 0.21697 +0.20981 -0.10335
xi_omega_periapsis : 293.97754 +74.97179 -127.70874
q_source : 0.04413 +0.03603 -0.02948
Fitted fluxes (source and blending):
flux_s1_1 : 235.59272 +8.78726 -17.62965
flux_s2_1 : 0.11968 +19.03930 -0.11841
flux_b_1 : -31.07981 +21.29875 -27.03395
Best model:
chi2: 4320.7986
t_0 u_0 t_E pi_E_N pi_E_E xi_period xi_semimajor_axis xi_Omega_node xi_inclination xi_argument_of_latitude_reference xi_eccentricity xi_omega_periapsis q_source
2454028.6132046087 -0.46538646233354775 77.48428704934557 0.3495851405247562 -0.15855864530056163 281.86491563952245 0.3738908899292167 251.12697812610605 309.41559883851266 307.8863361637084 0.17343091734996682 379.3063926802633 0.01501495335162068
Fluxes:
241.35291845166014 2.895950223726608 -39.626887260987644
