Mean acceptance fraction: 0.060
Mean autocorrelation time [steps]: 3790.9
Fitted parameters:
t_0 : 2453389.35369 +311.94403 -331.88482
u_0 : -0.35293 +0.29238 -0.58932
t_E : 280.02140 +170.45715 -121.99031
pi_E_N : -0.06255 +0.29943 -0.26962
pi_E_E : -0.81752 +0.54342 -0.13226
xi_period : 911.85097 +12.63633 -14.17470
xi_semimajor_axis : 2.66166 +0.46543 -1.60758
xi_Omega_node : 29.46733 +12.00919 -22.28569
xi_inclination : 39.73594 +22.61995 -14.41785
xi_argument_of_latitude_reference : 204.37004 +114.34451 -152.09678
xi_eccentricity : 0.86592 +0.04709 -0.18362
xi_omega_periapsis : 212.37259 +125.53095 -159.49980
q_source : 0.75758 +0.03403 -0.04697
Fitted fluxes (source and blending):
flux_s1_1 : 22.75813 +8.21252 -12.62547
flux_s2_1 : 1430.64073 +973.34447 -1366.42796
flux_b_1 : -1407.93779 +1388.36974 -976.21582
Best model:
chi2: 2934.1378
t_0 u_0 t_E pi_E_N pi_E_E xi_period xi_semimajor_axis xi_Omega_node xi_inclination xi_argument_of_latitude_reference xi_eccentricity xi_omega_periapsis q_source
2453245.980034286 -0.06996097531613359 239.4622578542741 -0.3411340938175345 -0.8885021047362553 910.1516209268641 3.223975048438718 37.76730366972534 14.133255707461778 265.0203222111472 0.9179397616892656 265.2630033693868 0.7808545999587926
Fluxes:
32.23166515309995 2183.9682802338934 -2168.8210589961877
