Mean acceptance fraction: 0.037
Mean autocorrelation time [steps]: 4181.9
Fitted parameters:
t_0 : 2454577.27881 +0.06601 -0.08972
u_0 : -0.01624 +0.01555 -0.00498
t_E : 75.03381 +1.02535 -2.11667
pi_E_N : -0.11367 +0.22131 -0.14428
pi_E_E : -0.03498 +0.01262 -0.01741
xi_period : 1152.34702 +22084.19529 -1150.22534
xi_semimajor_axis : 0.00513 +0.00320 -0.00174
xi_Omega_node : 161.25723 +130.22200 -84.76616
xi_inclination : 168.72834 +55.61051 -98.69822
xi_argument_of_latitude_reference : 259.55090 +108.74128 -187.77929
xi_eccentricity : 0.49655 +0.45136 -0.49496
xi_omega_periapsis : 163.84078 +149.23696 -115.28663
q_source : 0.76919 +0.19798 -0.30143
Fitted fluxes (source and blending):
flux_s1_1 : 27.39695 +72.46986 -26.02046
flux_s2_1 : 140.43038 +29.56252 -65.45503
flux_b_1 : 16.26500 +4.29892 -4.37131
Best model:
chi2: 15234.1237
t_0 u_0 t_E pi_E_N pi_E_E xi_period xi_semimajor_axis xi_Omega_node xi_inclination xi_argument_of_latitude_reference xi_eccentricity xi_omega_periapsis q_source
2454577.196686239 -0.02111440553875814 73.56070987330794 -0.18222767440530704 -0.0338991273870454 0.31497601457606184 0.002858994349044022 63.89846339274902 181.5916383229668 109.50137169257536 5.1769318285621504e-05 166.8454776262524 0.9671467448654879
Fluxes:
88.96395978240103 84.42140166652675 14.15114344975543
