Mean acceptance fraction: 0.078
Mean autocorrelation time [steps]: 2818.2
Fitted parameters:
t_0 : 2454191.87311 +7.13868 -5.32206
u_0 : -0.83725 +0.19680 -0.09656
t_E : 210.47150 +11.23590 -14.60324
pi_E_N : -0.02143 +0.04389 -0.14793
pi_E_E : -0.03725 +0.01151 -0.04493
xi_period : 394.39055 +9.23904 -4.69142
xi_semimajor_axis : 0.15769 +0.03243 -0.02868
xi_Omega_node : 308.46508 +45.16995 -293.48197
xi_inclination : 151.72440 +45.07517 -71.24689
xi_argument_of_latitude_reference : 51.73484 +49.45480 -33.23022
q_source : 0.74994 +0.17718 -0.63858
Fitted fluxes (source and blending):
flux_s1_1 : 321.89858 +83.12437 -148.14240
flux_s2_1 : -15.07587 +18.67025 -10.66291
flux_b_1 : 508.76772 +132.02443 -74.84959
Best model:
chi2: 4274.6115
t_0 u_0 t_E pi_E_N pi_E_E xi_period xi_semimajor_axis xi_Omega_node xi_inclination xi_argument_of_latitude_reference q_source
2454198.942338487 -1.0760222824010786 178.10454390991677 -0.03628617366553315 -0.026284824580044466 378.4263763988429 0.15861441163042705 251.45811276678526 151.55280505193065 2.923866558165436 0.02927681267327345
Fluxes:
473.51079519060994 -19.952984052500767 360.2715168739022
