Mean acceptance fraction: 0.059
Mean autocorrelation time [steps]: 3260.9
Fitted parameters:
t_0 : 2454197.93727 +60.38169 -19.42679
u_0 : -25.65705 +6.97467 -9.18731
t_E : 4.68071 +3.46934 -0.91264
pi_E_N : 0.37110 +0.48674 -1.03290
pi_E_E : 0.47199 +0.39521 -0.50935
xi_period : 758.60046 +5.11382 -220.52293
xi_semimajor_axis : 25.00212 +19.58705 -4.61956
xi_Omega_node : 365.83750 +4.76658 -47.17337
xi_inclination : 297.93640 +4.03404 -6.25115
xi_argument_of_latitude_reference : 358.86057 +3.98433 -20.25617
q_source : 0.03091 +0.00714 -0.02915
Fitted fluxes (source and blending):
flux_s1_1 : 807625.92383 +2244550.55850 -571054.08034
flux_s2_1 : 16923176032.27696 +300474608883.86975 -717957872294489.87500
flux_b_1 : -16923376883.57763 +717957871516416.87500 -300483848780.89172
Best model:
chi2: 2282.8075
t_0 u_0 t_E pi_E_N pi_E_E xi_period xi_semimajor_axis xi_Omega_node xi_inclination xi_argument_of_latitude_reference q_source
2454194.4738063295 -17.253292684875365 6.8800963824256 0.9674019808944508 0.6451512382831128 762.6943884446929 26.62948265382001 370.5262635096753 298.88616699103926 360.1179082372007 0.03447961143385034
Fluxes:
169758.24876532663 18560965463.078453 -18561135108.702038
