Mean acceptance fraction: 0.039
Mean autocorrelation time [steps]: 3586.0
Fitted parameters:
t_0 : 2454588.36552 +1.83621 -1.48752
u_0 : -0.21360 +0.04259 -0.09888
t_E : 71.53645 +10.61428 -12.03580
pi_E_N : -0.01627 +0.25394 -0.32949
pi_E_E : -0.20675 +0.05109 -0.10025
xi_period : 53.14557 +9.91681 -5.90759
xi_semimajor_axis : 0.01345 +0.04327 -0.01036
xi_Omega_node : 342.59917 +25.87942 -236.03912
xi_inclination : 281.00059 +16.44980 -13.10105
xi_argument_of_latitude_reference : 335.38243 +27.44377 -22.38443
q_source : 0.01888 +0.03471 -0.01724
Fitted fluxes (source and blending):
flux_s1_1 : 15.13033 +8.94463 -3.45345
flux_s2_1 : -0.01854 +0.01330 -0.03470
flux_b_1 : 11.60390 +3.10357 -9.10852
Best model:
chi2: 829.0622
t_0 u_0 t_E pi_E_N pi_E_E xi_period xi_semimajor_axis xi_Omega_node xi_inclination xi_argument_of_latitude_reference q_source
2454590.8815514636 -0.3090001857718931 58.431592006642134 -0.14994628492384882 -0.2861618959761218 64.0621819784597 0.06528693550929691 108.57599715355289 292.06380902058095 353.29910416305995 0.038282893527633075
Fluxes:
24.157548382638648 -0.002061622544344374 1.621159311825249
