Mean acceptance fraction: 0.043
Mean autocorrelation time [steps]: 3754.1
Fitted parameters:
t_0 : 2453831.90613 +226.08267 -102.39167
u_0 : -6.52604 +3.43940 -4.28609
t_E : 2.84704 +1.97810 -0.96809
pi_E_N : 0.19579 +0.65370 -0.71711
pi_E_E : -0.13987 +0.75695 -0.65032
xi_period : 2586.05902 +460.90232 -265.69550
xi_semimajor_axis : 69.96987 +57.72674 -42.21501
xi_Omega_node : 137.16197 +29.20590 -90.73199
xi_inclination : 230.49003 +24.74574 -19.06885
xi_argument_of_latitude_reference : 77.91027 +38.91773 -64.08973
q_source : 0.54158 +0.32144 -0.33903
Fitted fluxes (source and blending):
flux_s1_1 : 19859.16667 +218411.13189 -19830.83182
flux_s2_1 : 136928016.25137 +408153216.77509 -99199401.22604
flux_b_1 : -136928424.94643 +99168872.42604 -408258717.97416
Best model:
chi2: 2202.1632
t_0 u_0 t_E pi_E_N pi_E_E xi_period xi_semimajor_axis xi_Omega_node xi_inclination xi_argument_of_latitude_reference q_source
2453881.0731475046 -4.087343901923959 2.8948103091515396 -0.4088558728449328 -0.6589681312617314 2679.8348129076526 50.13644807609241 173.7140777282504 224.1528758867803 119.22763168985146 0.40133494083592536
Fluxes:
-0.2571828039143415 76894533.07983008 -76894421.70436235
