Mean acceptance fraction: 0.044
Mean autocorrelation time [steps]: 3627.0
Fitted parameters:
t_0 : 2454731.47545 +8.60273 -6.94990
u_0 : -0.82716 +0.12291 -0.16972
t_E : 105.19816 +10.22930 -11.93917
pi_E_N : 0.06283 +0.08682 -0.05536
pi_E_E : -0.13407 +0.12275 -0.06421
xi_period : 324.28171 +52.23605 -14.09245
xi_semimajor_axis : 0.10389 +0.04166 -0.04454
xi_Omega_node : 267.02037 +77.46368 -83.85076
xi_inclination : 150.28732 +50.65648 -140.53177
xi_argument_of_latitude_reference : 260.42200 +72.60787 -109.96476
q_source : 0.00748 +0.05821 -0.00239
Fitted fluxes (source and blending):
flux_s1_1 : 247.69363 +111.77908 -60.10285
flux_s2_1 : -15.64074 +15.81508 -255.74258
flux_b_1 : -82.81210 +127.99672 -84.23062
Best model:
chi2: 1685.4662
t_0 u_0 t_E pi_E_N pi_E_E xi_period xi_semimajor_axis xi_Omega_node xi_inclination xi_argument_of_latitude_reference q_source
2454731.720375627 -0.7807246607836512 107.28346372833482 0.0732342268220721 -0.197389593908693 376.03806818892775 0.1290270014737316 238.12010207058898 6.892369386516227 359.8525835332245 0.008376386932882895
Fluxes:
214.84535803760113 0.008670605046717128 -97.93145847510692
