Mean acceptance fraction: 0.089
Mean autocorrelation time [steps]: 2996.2
Fitted parameters:
t_0 : 2454724.46804 +0.66727 -0.48638
u_0 : -0.14620 +0.02645 -0.02550
t_E : 17.60331 +4.07134 -2.42220
pi_E_N : 0.46976 +0.34030 -1.04564
pi_E_E : -0.08330 +0.38401 -0.29051
xi_period : 300.97379 +266.18347 -28.69212
xi_semimajor_axis : 1.39804 +0.72620 -0.79280
xi_Omega_node : 21.12651 +8.73366 -20.53110
xi_inclination : 263.99125 +8.14926 -0.86360
xi_argument_of_latitude_reference : 245.78296 +94.90110 -111.96823
xi_eccentricity : 0.16583 +0.45791 -0.14176
xi_omega_periapsis : 157.04417 +94.96930 -112.01074
q_source : 0.12065 +0.04815 -0.04210
Fitted fluxes (source and blending):
flux_s1_1 : 24.40459 +4.40083 -3.70682
flux_s2_1 : -162.05166 +119.30584 -323.90112
flux_b_1 : 171.16225 +324.83397 -119.32792
Best model:
chi2: 2001.2374
t_0 u_0 t_E pi_E_N pi_E_E xi_period xi_semimajor_axis xi_Omega_node xi_inclination xi_argument_of_latitude_reference xi_eccentricity xi_omega_periapsis q_source
2454725.2280736864 -0.12531706786728508 15.950703923845687 0.7950637912341095 0.36547196151838723 273.4108072075672 1.7442545339543811 29.187880347836412 263.82289302621257 260.359227828472 0.053968321437966066 170.8912783934345 0.1258307848583923
Fluxes:
22.7781310316163 -445.2923411993297 456.6973390005883
