Mean acceptance fraction: 0.102
Mean autocorrelation time [steps]: 3661.7
Fitted parameters:
t_0 : 1784441.66912 +666042.89502 -7754737.85514
u_0 : -8.40530 +8.39414 -0.21059
t_E : 263498.86170 +3162918.08960 -259915.20810
pi_E_N : 0.30961 +0.14784 -0.14827
pi_E_E : 0.96526 +0.02805 -0.93941
xi_period : 351.40694 +10.50019 -0.54047
xi_semimajor_axis : 0.02396 +0.15339 -0.01757
xi_Omega_node : 183.08398 +50.34946 -8.23481
xi_inclination : 102.84645 +0.21285 -5.52891
xi_argument_of_latitude_reference : -19.99045 +145.48316 -0.00782
q_source : 0.03605 +0.65265 -0.02394
Fitted fluxes (source and blending):
flux_s1_1 : 2312287.59885 +555589.65587 -2312700.91552
flux_s2_1 : -1600020.08843 +1601087.15831 -397296.01784
flux_b_1 : -701553.52596 +702251.36320 -152282.86338
Best model:
chi2: 4603.1526
t_0 u_0 t_E pi_E_N pi_E_E xi_period xi_semimajor_axis xi_Omega_node xi_inclination xi_argument_of_latitude_reference q_source
2368535.3463897984 -0.11083449342852354 83859.20684705944 0.16752126355279265 0.03959125608968197 364.224951981066 0.23765108228178392 227.80545128604032 93.55069438291837 118.87290485916166 0.769231515314543
Fluxes:
-76.19844732200285 720.4677619625261 632.2732465081284
