Mean acceptance fraction: 0.073
Mean autocorrelation time [steps]: 3502.3
Fitted parameters:
t_0 : 2459098.33857 +13.77128 -18.45335
u_0 : -0.52678 +0.12860 -0.21447
t_E : 1683.40171 +73475.38528 -1252.53944
pi_E_N : -0.15775 +0.07079 -0.14234
pi_E_E : -0.13757 +0.05941 -0.07581
xi_period : 366.30737 +1.35990 -2.16000
xi_semimajor_axis : 0.25154 +0.13134 -0.10736
xi_Omega_node : 363.39687 +12.03827 -14.91595
xi_inclination : 92.59479 +11.99953 -8.74788
xi_argument_of_latitude_reference : 288.59663 +6.02179 -5.20266
q_source : 0.67258 +0.22228 -0.35764
Fitted fluxes (source and blending):
flux_s1_1 : 0.06546 +78.82424 -14.24131
flux_s2_1 : 328.46722 +64.06505 -152.48102
flux_b_1 : 44.55594 +57.29516 -163.58056
Best model:
chi2: 658.1454
t_0 u_0 t_E pi_E_N pi_E_E xi_period xi_semimajor_axis xi_Omega_node xi_inclination xi_argument_of_latitude_reference q_source
2459077.099264052 -0.5458558360262289 8435.358509686117 -0.07607211040995569 -0.12779796540204286 367.2614103878473 0.03905071602038001 361.0448192863578 83.79183833329519 296.3550577076603 0.13068675909048458
Fluxes:
-33.19342333155213 329.4995518677934 98.39461656093198
