Mean acceptance fraction: 0.062
Mean autocorrelation time [steps]: 3840.4
Fitted parameters:
t_0 : 2459061.19927 +31.47076 -36.04631
u_0 : -0.53749 +0.08549 -0.10978
t_E : 834.87094 +1685.36123 -417.09366
pi_E_N : -0.07208 +0.10799 -0.12596
pi_E_E : -0.19516 +0.03757 -0.06257
xi_period : 366.71255 +1.08397 -1.04810
xi_semimajor_axis : 0.22950 +0.13398 -0.11396
xi_Omega_node : 356.57452 +17.04499 -14.86009
xi_inclination : 267.35256 +6.04459 -34.71458
xi_argument_of_latitude_reference : 254.94479 +10.26143 -11.72891
q_source : 0.45299 +0.41101 -0.25537
Fitted fluxes (source and blending):
flux_s1_1 : -3.81739 +43.28250 -11.63732
flux_s2_1 : 329.56060 +112.02082 -78.46983
flux_b_1 : 62.94377 +64.14723 -115.55966
Best model:
chi2: 657.5365
t_0 u_0 t_E pi_E_N pi_E_E xi_period xi_semimajor_axis xi_Omega_node xi_inclination xi_argument_of_latitude_reference q_source
2459031.6568839545 -0.4828983247383177 950.9381570830905 0.0039867363193333664 -0.20569098171352426 367.0462643987774 0.35307691454360035 347.4333459123761 269.18775627017203 259.68484134530735 0.9311458709283178
Fluxes:
-7.568809686679308 307.6361211031245 94.73773871136996
