The chain is shorter than 50 times the integrated autocorrelation time for 5 parameter(s). Use this estimate with caution and run a longer chain!
N/50 = 750;
tau: [ 998.1409128   877.7486195  3587.89902616 3599.93666502 3593.31570703]
