The chain is shorter than 50 times the integrated autocorrelation time for 5 parameter(s). Use this estimate with caution and run a longer chain!
N/50 = 600;
tau: [ 769.76780315  878.30923409 2742.39710184 2855.48253011 2853.54880607]
