The chain is shorter than 50 times the integrated autocorrelation time for 5 parameter(s). Use this estimate with caution and run a longer chain!
N/50 = 150;
tau: [492.25355898 750.19155638 790.1364695  408.31530304 755.72764419]
