The chain is shorter than 50 times the integrated autocorrelation time for 5 parameter(s). Use this estimate with caution and run a longer chain!
N/50 = 150;
tau: [439.56008713 754.14251596 741.07445276 706.63223424 461.6929276 ]
