The chain is shorter than 50 times the integrated autocorrelation time for 5 parameter(s). Use this estimate with caution and run a longer chain!
N/50 = 150;
tau: [192.1479318  175.33367482 195.93991322 175.28656158 172.50541458]
