The chain is shorter than 50 times the integrated autocorrelation time for 1 parameter(s). Use this estimate with caution and run a longer chain!
N/50 = 150;
tau: [ 72.75542907 144.90991735 158.06159289 142.87733936 135.47818285]
