The chain is shorter than 50 times the integrated autocorrelation time for 5 parameter(s). Use this estimate with caution and run a longer chain!
N/50 = 150;
tau: [412.51699677 442.99550452 434.97598083 246.68269164 432.9257688 ]
