The chain is shorter than 50 times the integrated autocorrelation time for 4 parameter(s). Use this estimate with caution and run a longer chain!
N/50 = 150;
tau: [179.96419566 268.78510662 287.79054424 280.23232315 145.30025659]
