The chain is shorter than 50 times the integrated autocorrelation time for 5 parameter(s). Use this estimate with caution and run a longer chain!
N/50 = 150;
tau: [288.54461183 640.33117209 660.83915056 557.39751098 288.33321622]
