The chain is shorter than 50 times the integrated autocorrelation time for 5 parameter(s). Use this estimate with caution and run a longer chain!
N/50 = 150;
tau: [167.92072307 336.53867276 350.19342007 192.55293401 308.61132486]
