The chain is shorter than 50 times the integrated autocorrelation time for 5 parameter(s). Use this estimate with caution and run a longer chain!
N/50 = 150;
tau: [186.18218346 554.4506672  561.08231227 555.75617647 377.38717996]
