The chain is shorter than 50 times the integrated autocorrelation time for 2 parameter(s). Use this estimate with caution and run a longer chain!
N/50 = 150;
tau: [102.00919229 148.05951888 158.09075143 170.91095885 106.50751016]
