The chain is shorter than 50 times the integrated autocorrelation time for 5 parameter(s). Use this estimate with caution and run a longer chain!
N/50 = 150;
tau: [281.31296888 248.90836117 299.57702305 289.1700661  158.37521271]
