The chain is shorter than 50 times the integrated autocorrelation time for 5 parameter(s). Use this estimate with caution and run a longer chain!
N/50 = 150;
tau: [336.31923326 518.3207991  557.91001314 508.17901337 345.06679135]
