The chain is shorter than 50 times the integrated autocorrelation time for 4 parameter(s). Use this estimate with caution and run a longer chain!
N/50 = 150;
tau: [154.57268219 191.37890595 208.43085739 172.92031915 102.04304243]
