The chain is shorter than 50 times the integrated autocorrelation time for 5 parameter(s). Use this estimate with caution and run a longer chain!
N/50 = 150;
tau: [396.59529261 783.04627583 783.99033072 742.0485771  771.89516446]
