The chain is shorter than 50 times the integrated autocorrelation time for 5 parameter(s). Use this estimate with caution and run a longer chain!
N/50 = 150;
tau: [186.11793765 220.64136353 273.17194714 313.44557287 297.54700844]
