The chain is shorter than 50 times the integrated autocorrelation time for 5 parameter(s). Use this estimate with caution and run a longer chain!
N/50 = 150;
tau: [269.87305899 794.72523905 812.25218494 560.06480226 758.67223285]
