The chain is shorter than 50 times the integrated autocorrelation time for 5 parameter(s). Use this estimate with caution and run a longer chain!
N/50 = 150;
tau: [366.1159752  521.88523694 516.19957126 492.88610449 491.52920685]
