The chain is shorter than 50 times the integrated autocorrelation time for 5 parameter(s). Use this estimate with caution and run a longer chain!
N/50 = 150;
tau: [275.72584206 346.77862621 342.8344626  283.7552266  312.50419831]
