The chain is shorter than 50 times the integrated autocorrelation time for 1 parameter(s). Use this estimate with caution and run a longer chain!
N/50 = 150;
tau: [ 89.35732666 132.20507434 137.18961882 169.20672416 141.21767405]
