The chain is shorter than 50 times the integrated autocorrelation time for 5 parameter(s). Use this estimate with caution and run a longer chain!
N/50 = 150;
tau: [184.12649636 386.96393929 389.30394524 231.52111869 389.77842221]
