The chain is shorter than 50 times the integrated autocorrelation time for 5 parameter(s). Use this estimate with caution and run a longer chain!
N/50 = 150;
tau: [444.16331778 857.53871621 843.24112709 819.28896152 822.60031362]
