The chain is shorter than 50 times the integrated autocorrelation time for 5 parameter(s). Use this estimate with caution and run a longer chain!
N/50 = 150;
tau: [255.73346713 367.93400772 382.51503915 248.72206745 365.1820904 ]
