The chain is shorter than 50 times the integrated autocorrelation time for 5 parameter(s). Use this estimate with caution and run a longer chain!
N/50 = 150;
tau: [216.30990941 262.89706299 253.01303343 197.66498005 243.10887741]
