The chain is shorter than 50 times the integrated autocorrelation time for 5 parameter(s). Use this estimate with caution and run a longer chain!
N/50 = 150;
tau: [230.36446238 257.57628429 261.61941763 204.40143361 237.58309657]
