The chain is shorter than 50 times the integrated autocorrelation time for 5 parameter(s). Use this estimate with caution and run a longer chain!
N/50 = 150;
tau: [427.26889376 534.79857028 522.73530195 530.69136764 533.73784803]
