The chain is shorter than 50 times the integrated autocorrelation time for 5 parameter(s). Use this estimate with caution and run a longer chain!
N/50 = 150;
tau: [160.44239574 283.91053466 292.02931929 241.2940324  217.59650928]
