The chain is shorter than 50 times the integrated autocorrelation time for 3 parameter(s). Use this estimate with caution and run a longer chain!
N/50 = 150;
tau: [ 77.44530105 231.00828562 191.73938627 201.42509049 118.37497781]
