The chain is shorter than 50 times the integrated autocorrelation time for 5 parameter(s). Use this estimate with caution and run a longer chain!
N/50 = 150;
tau: [447.11609363 562.19403438 602.45743677 368.5979483  551.7921659 ]
