The chain is shorter than 50 times the integrated autocorrelation time for 5 parameter(s). Use this estimate with caution and run a longer chain!
N/50 = 150;
tau: [455.18755939 524.19509297 539.13210183 512.19555776 508.2173306 ]
