The chain is shorter than 50 times the integrated autocorrelation time for 5 parameter(s). Use this estimate with caution and run a longer chain!
N/50 = 150;
tau: [855.12522468 799.18572105 799.97357751 861.70807784 829.99982435]
