The chain is shorter than 50 times the integrated autocorrelation time for 5 parameter(s). Use this estimate with caution and run a longer chain!
N/50 = 150;
tau: [682.41586699 686.84674477 687.1906225  661.12404692 245.04737398]
