The chain is shorter than 50 times the integrated autocorrelation time for 1 parameter(s). Use this estimate with caution and run a longer chain!
N/50 = 150;
tau: [127.17317034 152.39034841 119.66020019 106.24037031 114.29765448]
