The chain is shorter than 50 times the integrated autocorrelation time for 3 parameter(s). Use this estimate with caution and run a longer chain!
N/50 = 150;
tau: [108.33318414 189.90922453 204.53402754 163.87612053 136.79556963]
