The chain is shorter than 50 times the integrated autocorrelation time for 5 parameter(s). Use this estimate with caution and run a longer chain!
N/50 = 150;
tau: [299.76859092 296.92508357 310.33428596 191.19277428 311.48787749]
