The chain is shorter than 50 times the integrated autocorrelation time for 5 parameter(s). Use this estimate with caution and run a longer chain!
N/50 = 150;
tau: [335.74557442 261.27043288 314.22641367 304.18362567 289.66506788]
