The chain is shorter than 50 times the integrated autocorrelation time for 1 parameter(s). Use this estimate with caution and run a longer chain!
N/50 = 150;
tau: [ 99.41662609 121.46767461 114.24041368 153.47657575 124.17890321]
