The chain is shorter than 50 times the integrated autocorrelation time for 5 parameter(s). Use this estimate with caution and run a longer chain!
N/50 = 150;
tau: [409.48730571 494.87908654 476.77069609 421.78134434 464.0742861 ]
