The chain is shorter than 50 times the integrated autocorrelation time for 3 parameter(s). Use this estimate with caution and run a longer chain!
N/50 = 150;
tau: [ 94.02984522 178.38081685 180.9511131  165.98814463 142.50763382]
