The chain is shorter than 50 times the integrated autocorrelation time for 5 parameter(s). Use this estimate with caution and run a longer chain!
N/50 = 150;
tau: [250.34022169 160.78953784 267.98662779 398.85758673 270.29177799]
