The chain is shorter than 50 times the integrated autocorrelation time for 4 parameter(s). Use this estimate with caution and run a longer chain!
N/50 = 150;
tau: [152.55429087 393.25003393 372.0087779  330.59410865 121.18073633]
