The chain is shorter than 50 times the integrated autocorrelation time for 5 parameter(s). Use this estimate with caution and run a longer chain!
N/50 = 150;
tau: [319.97828977 586.36831568 582.95822044 433.87893432 560.94917278]
