The chain is shorter than 50 times the integrated autocorrelation time for 2 parameter(s). Use this estimate with caution and run a longer chain!
N/50 = 150;
tau: [108.82264588 156.86651773 136.91244805  77.96272778 154.18565723]
