The chain is shorter than 50 times the integrated autocorrelation time for 2 parameter(s). Use this estimate with caution and run a longer chain!
N/50 = 150;
tau: [116.84989543 135.47964138 140.43701169 359.33535112 233.88249676]
