The chain is shorter than 50 times the integrated autocorrelation time for 5 parameter(s). Use this estimate with caution and run a longer chain!
N/50 = 150;
tau: [338.96479731 477.31268129 480.03394088 436.18860484 442.73660261]
