The chain is shorter than 50 times the integrated autocorrelation time for 5 parameter(s). Use this estimate with caution and run a longer chain!
N/50 = 150;
tau: [169.22176804 405.64034571 425.45799465 368.40908436 314.20011162]
