The chain is shorter than 50 times the integrated autocorrelation time for 3 parameter(s). Use this estimate with caution and run a longer chain!
N/50 = 150;
tau: [188.98660358 218.73586416 147.37995314 142.69542284 215.14197378]
