The chain is shorter than 50 times the integrated autocorrelation time for 5 parameter(s). Use this estimate with caution and run a longer chain!
N/50 = 150;
tau: [345.65783359 278.87212591 370.10383902 300.61783071 379.25921864]
