The chain is shorter than 50 times the integrated autocorrelation time for 5 parameter(s). Use this estimate with caution and run a longer chain!
N/50 = 150;
tau: [186.94593862 266.27331431 253.58376356 179.51182059 260.96183457]
