The chain is shorter than 50 times the integrated autocorrelation time for 4 parameter(s). Use this estimate with caution and run a longer chain!
N/50 = 150;
tau: [158.73212051 194.35948556 196.02617579 129.8471023  173.94290821]
