The chain is shorter than 50 times the integrated autocorrelation time for 5 parameter(s). Use this estimate with caution and run a longer chain!
N/50 = 300;
tau: [ 566.07737904 1579.84968923  582.34074252 1583.07450363 1591.19424059]
