The chain is shorter than 50 times the integrated autocorrelation time for 5 parameter(s). Use this estimate with caution and run a longer chain!
N/50 = 150;
tau: [338.99773017 862.90975034 875.96860376 718.83816541 851.46736381]
