The chain is shorter than 50 times the integrated autocorrelation time for 5 parameter(s). Use this estimate with caution and run a longer chain!
N/50 = 150;
tau: [313.99208999 342.71392315 340.88872203 192.8235601  345.1745077 ]
