The chain is shorter than 50 times the integrated autocorrelation time for 3 parameter(s). Use this estimate with caution and run a longer chain!
N/50 = 150;
tau: [ 94.04054716 170.5761224  188.95756203 154.96129385 112.10036543]
