The chain is shorter than 50 times the integrated autocorrelation time for 5 parameter(s). Use this estimate with caution and run a longer chain!
N/50 = 150;
tau: [306.27357553 353.82573358 348.65176904 258.08115665 335.54239852]
