The chain is shorter than 50 times the integrated autocorrelation time for 5 parameter(s). Use this estimate with caution and run a longer chain!
N/50 = 150;
tau: [491.73689222 496.78153899 538.47682417 502.479423   511.51511548]
