The chain is shorter than 50 times the integrated autocorrelation time for 5 parameter(s). Use this estimate with caution and run a longer chain!
N/50 = 150;
tau: [150.1325993  379.34161103 413.97489285 330.35161169 292.5374331 ]
