The chain is shorter than 50 times the integrated autocorrelation time for 5 parameter(s). Use this estimate with caution and run a longer chain!
N/50 = 150;
tau: [508.360588   673.48558068 663.25195081 634.70237117 632.48721433]
