The chain is shorter than 50 times the integrated autocorrelation time for 5 parameter(s). Use this estimate with caution and run a longer chain!
N/50 = 150;
tau: [186.18545169 284.18377397 308.18511717 205.94538111 304.36733093]
