The chain is shorter than 50 times the integrated autocorrelation time for 4 parameter(s). Use this estimate with caution and run a longer chain!
N/50 = 150;
tau: [121.93552603 207.12665605 199.55046486 168.03335839 155.49098698]
