The chain is shorter than 50 times the integrated autocorrelation time for 4 parameter(s). Use this estimate with caution and run a longer chain!
N/50 = 150;
tau: [129.74466071 279.7137308  397.5245004  462.19129062 427.60965315]
