The chain is shorter than 50 times the integrated autocorrelation time for 5 parameter(s). Use this estimate with caution and run a longer chain!
N/50 = 150;
tau: [298.49136227 663.26109738 631.45679068 633.52662714 613.94647774]
