The chain is shorter than 50 times the integrated autocorrelation time for 5 parameter(s). Use this estimate with caution and run a longer chain!
N/50 = 150;
tau: [294.16734016 179.15685975 156.77924527 328.97327564 300.94942417]
