The chain is shorter than 50 times the integrated autocorrelation time for 4 parameter(s). Use this estimate with caution and run a longer chain!
N/50 = 150;
tau: [321.06174545 147.04446343 357.35218475 497.30097597 158.12859865]
