The chain is shorter than 50 times the integrated autocorrelation time for 2 parameter(s). Use this estimate with caution and run a longer chain!
N/50 = 150;
tau: [169.01658452 156.97724807 147.18700778 146.93841801 129.21906833]
