The chain is shorter than 50 times the integrated autocorrelation time for 5 parameter(s). Use this estimate with caution and run a longer chain!
N/50 = 150;
tau: [281.01321585 790.19528296 783.21413786 648.80962864 717.94269261]
