The chain is shorter than 50 times the integrated autocorrelation time for 4 parameter(s). Use this estimate with caution and run a longer chain!
N/50 = 150;
tau: [137.77443753 306.91133817 318.46830234 202.52187305 263.63849707]
