The chain is shorter than 50 times the integrated autocorrelation time for 3 parameter(s). Use this estimate with caution and run a longer chain!
N/50 = 150;
tau: [100.19750397 211.19980764 195.99319813 154.06931228 126.30860631]
