The chain is shorter than 50 times the integrated autocorrelation time for 4 parameter(s). Use this estimate with caution and run a longer chain!
N/50 = 150;
tau: [ 93.99467102 228.73982129 251.30523255 216.59850333 199.8232217 ]
