The chain is shorter than 50 times the integrated autocorrelation time for 3 parameter(s). Use this estimate with caution and run a longer chain!
N/50 = 150;
tau: [129.36962431 268.5761956  276.17886351 265.88974446  98.86553891]
