The chain is shorter than 50 times the integrated autocorrelation time for 5 parameter(s). Use this estimate with caution and run a longer chain!
N/50 = 150;
tau: [657.37128    812.1582223  852.60479118 475.23519223 829.13557069]
