The chain is shorter than 50 times the integrated autocorrelation time for 5 parameter(s). Use this estimate with caution and run a longer chain!
N/50 = 150;
tau: [523.52782346 522.00934155 523.36702926 508.81928521 489.65690254]
