The chain is shorter than 50 times the integrated autocorrelation time for 5 parameter(s). Use this estimate with caution and run a longer chain!
N/50 = 150;
tau: [248.55200567 373.73211245 328.12746442 344.73870687 255.5227162 ]
