The chain is shorter than 50 times the integrated autocorrelation time for 5 parameter(s). Use this estimate with caution and run a longer chain!
N/50 = 150;
tau: [202.35544725 614.86828231 605.5210616  605.91000388 247.11148368]
