The chain is shorter than 50 times the integrated autocorrelation time for 5 parameter(s). Use this estimate with caution and run a longer chain!
N/50 = 150;
tau: [261.98396835 271.11601269 289.34871072 249.34755238 286.18308917]
