The chain is shorter than 50 times the integrated autocorrelation time for 5 parameter(s). Use this estimate with caution and run a longer chain!
N/50 = 150;
tau: [437.04404681 767.22285262 778.1481137  687.85853822 675.10480076]
