The chain is shorter than 50 times the integrated autocorrelation time for 4 parameter(s). Use this estimate with caution and run a longer chain!
N/50 = 150;
tau: [118.34774442 278.76737347 290.90626419 223.43476548 161.87521337]
