The chain is shorter than 50 times the integrated autocorrelation time for 4 parameter(s). Use this estimate with caution and run a longer chain!
N/50 = 150;
tau: [211.28518739 139.3278164  214.17260463 332.32543493 235.34186309]
