The chain is shorter than 50 times the integrated autocorrelation time for 5 parameter(s). Use this estimate with caution and run a longer chain!
N/50 = 150;
tau: [885.64472393 912.07776788 912.12921127 909.30517771 913.21873965]
