The chain is shorter than 50 times the integrated autocorrelation time for 5 parameter(s). Use this estimate with caution and run a longer chain!
N/50 = 150;
tau: [376.69958461 513.54625671 498.28306924 498.78000885 333.82564027]
