The chain is shorter than 50 times the integrated autocorrelation time for 5 parameter(s). Use this estimate with caution and run a longer chain!
N/50 = 900;
tau: [2640.6476789  5438.75750881 5411.41516404 5118.25209547 5278.77191303]
