The chain is shorter than 50 times the integrated autocorrelation time for 5 parameter(s). Use this estimate with caution and run a longer chain!
N/50 = 750;
tau: [1450.05207157 2598.90907586 2935.3682444  2316.5537505  2150.5446374 ]
