The chain is shorter than 50 times the integrated autocorrelation time for 3 parameter(s). Use this estimate with caution and run a longer chain!
N/50 = 750;
tau: [ 170.46793203 1652.50918658 1417.29364447 1529.41955563  604.93990996]
