The chain is shorter than 50 times the integrated autocorrelation time for 5 parameter(s). Use this estimate with caution and run a longer chain!
N/50 = 750;
tau: [2007.66503247 2359.09170072 2298.44990122 2249.28669712 2345.12900003]
