The chain is shorter than 50 times the integrated autocorrelation time for 5 parameter(s). Use this estimate with caution and run a longer chain!
N/50 = 750;
tau: [3431.56996838 5027.39707299 5101.45997699 5050.88453256 5058.08703891]
