The chain is shorter than 50 times the integrated autocorrelation time for 3 parameter(s). Use this estimate with caution and run a longer chain!
N/50 = 750;
tau: [ 407.92585944 1158.28860976 1036.75046352  699.24986513  785.13199725]
