The chain is shorter than 50 times the integrated autocorrelation time for 3 parameter(s). Use this estimate with caution and run a longer chain!
N/50 = 750;
tau: [ 724.46553605 1019.17386293  649.50452008 1231.30998286 1011.65918473]
