The chain is shorter than 50 times the integrated autocorrelation time for 5 parameter(s). Use this estimate with caution and run a longer chain!
N/50 = 750;
tau: [1781.49859302 4719.02846128 4605.7992042  4633.01103715 4549.21960627]
