The chain is shorter than 50 times the integrated autocorrelation time for 4 parameter(s). Use this estimate with caution and run a longer chain!
N/50 = 750;
tau: [ 622.72960612 2583.26649097 2815.82170291 1866.01851874 2439.17711966]
