The chain is shorter than 50 times the integrated autocorrelation time for 4 parameter(s). Use this estimate with caution and run a longer chain!
N/50 = 750;
tau: [ 665.16565863 1235.17770615 1316.37676594 1013.09420772 1117.37748441]
