The chain is shorter than 50 times the integrated autocorrelation time for 4 parameter(s). Use this estimate with caution and run a longer chain!
N/50 = 750;
tau: [ 444.74458522 2294.4268668  2540.33015273 2269.59107645 2131.05616063]
