The chain is shorter than 50 times the integrated autocorrelation time for 4 parameter(s). Use this estimate with caution and run a longer chain!
N/50 = 750;
tau: [ 388.18498145 2082.57465941 2254.2488413   941.39409856 1969.9865305 ]
