The chain is shorter than 50 times the integrated autocorrelation time for 4 parameter(s). Use this estimate with caution and run a longer chain!
N/50 = 750;
tau: [1352.67062793 1617.68796524 1430.70980096  483.9492312  1602.79269861]
