The chain is shorter than 50 times the integrated autocorrelation time for 5 parameter(s). Use this estimate with caution and run a longer chain!
N/50 = 750;
tau: [1818.48386889 1237.89999944 1398.91757025 1833.13748483 1888.26754353]
