The chain is shorter than 50 times the integrated autocorrelation time for 5 parameter(s). Use this estimate with caution and run a longer chain!
N/50 = 750;
tau: [1461.49308217 4273.72918825 4161.94545909 4259.88642377 4078.01178163]
