The chain is shorter than 50 times the integrated autocorrelation time for 3 parameter(s). Use this estimate with caution and run a longer chain!
N/50 = 750;
tau: [ 713.93515594 1047.13827803 1310.83544721  673.30916487 1005.66916757]
