The chain is shorter than 50 times the integrated autocorrelation time for 4 parameter(s). Use this estimate with caution and run a longer chain!
N/50 = 750;
tau: [ 675.19682562 2594.02148655 2900.55267452 2480.17634247  781.13782677]
