The chain is shorter than 50 times the integrated autocorrelation time for 4 parameter(s). Use this estimate with caution and run a longer chain!
N/50 = 750;
tau: [ 387.49917514 2484.02360768 2558.51887849 2445.88729634 2347.12830231]
