The chain is shorter than 50 times the integrated autocorrelation time for 4 parameter(s). Use this estimate with caution and run a longer chain!
N/50 = 750;
tau: [ 183.95887503 1923.63792964 1924.90631391 1952.1996393  1881.64263262]
