The chain is shorter than 50 times the integrated autocorrelation time for 4 parameter(s). Use this estimate with caution and run a longer chain!
N/50 = 750;
tau: [1520.7902361  1275.24462895  509.75962243 1724.1522398  1462.88507272]
