The chain is shorter than 50 times the integrated autocorrelation time for 4 parameter(s). Use this estimate with caution and run a longer chain!
N/50 = 750;
tau: [ 570.62462991 2258.20031128 2348.78789214 2287.46524018 2253.96939308]
