The chain is shorter than 50 times the integrated autocorrelation time for 4 parameter(s). Use this estimate with caution and run a longer chain!
N/50 = 750;
tau: [ 548.54631738 2685.57040727 2871.15292613 1507.16110965 2025.17761632]
