The chain is shorter than 50 times the integrated autocorrelation time for 4 parameter(s). Use this estimate with caution and run a longer chain!
N/50 = 750;
tau: [ 764.13299448 1871.56288484 1734.69660006 1808.56386373  557.68114057]
