The chain is shorter than 50 times the integrated autocorrelation time for 3 parameter(s). Use this estimate with caution and run a longer chain!
N/50 = 750;
tau: [ 268.06201377  956.84935265 1382.68823271 2567.45992681  651.19410033]
