The chain is shorter than 50 times the integrated autocorrelation time for 4 parameter(s). Use this estimate with caution and run a longer chain!
N/50 = 750;
tau: [ 867.51085757 1177.83207278 1492.37461093  342.30789224 1203.38903634]
