The chain is shorter than 50 times the integrated autocorrelation time for 1 parameter(s). Use this estimate with caution and run a longer chain!
N/50 = 750;
tau: [551.1996233  802.17100348 631.93905756 206.59273943 294.31884621]
