The chain is shorter than 50 times the integrated autocorrelation time for 5 parameter(s). Use this estimate with caution and run a longer chain!
N/50 = 750;
tau: [1370.08447213 2219.79534591 2501.06198953 1620.92183584 1464.34259979]
