The chain is shorter than 50 times the integrated autocorrelation time for 5 parameter(s). Use this estimate with caution and run a longer chain!
N/50 = 750;
tau: [ 922.71366284 1171.26913384 1481.53829184 1051.9620303  1205.40807207]
