The chain is shorter than 50 times the integrated autocorrelation time for 5 parameter(s). Use this estimate with caution and run a longer chain!
N/50 = 750;
tau: [1295.91819891 1169.75040652  831.71760129 1450.69808798 1292.35822114]
