The chain is shorter than 50 times the integrated autocorrelation time for 4 parameter(s). Use this estimate with caution and run a longer chain!
N/50 = 750;
tau: [ 545.50256016 2094.10009658 2493.25764154 1326.2364201  1910.13807029]
