The chain is shorter than 50 times the integrated autocorrelation time for 4 parameter(s). Use this estimate with caution and run a longer chain!
N/50 = 750;
tau: [ 475.04198686 2529.09368862 2824.53358304 2504.12571287 2235.93757972]
