The chain is shorter than 50 times the integrated autocorrelation time for 4 parameter(s). Use this estimate with caution and run a longer chain!
N/50 = 750;
tau: [ 999.38649008 1318.59391198 1060.34208087  636.53304886 1114.14366744]
