The chain is shorter than 50 times the integrated autocorrelation time for 5 parameter(s). Use this estimate with caution and run a longer chain!
N/50 = 750;
tau: [2916.67405676 3046.01983541 3413.33746622 2289.81063166 3121.4169251 ]
