The chain is shorter than 50 times the integrated autocorrelation time for 4 parameter(s). Use this estimate with caution and run a longer chain!
N/50 = 750;
tau: [ 603.10968038 2527.94658791 2651.00128648 2512.05891652 2415.84901102]
