The chain is shorter than 50 times the integrated autocorrelation time for 5 parameter(s). Use this estimate with caution and run a longer chain!
N/50 = 750;
tau: [1684.02046055 1899.75272917 1690.54114137  908.91751696 1752.54235498]
