The chain is shorter than 50 times the integrated autocorrelation time for 2 parameter(s). Use this estimate with caution and run a longer chain!
N/50 = 750;
tau: [605.15022827 755.3217291  605.92538388 669.57793143 857.93967711]
