The chain is shorter than 50 times the integrated autocorrelation time for 5 parameter(s). Use this estimate with caution and run a longer chain!
N/50 = 750;
tau: [1544.97035264 1967.09227844 1883.51225798 1797.00882605 1933.51729494]
