The chain is shorter than 50 times the integrated autocorrelation time for 4 parameter(s). Use this estimate with caution and run a longer chain!
N/50 = 750;
tau: [ 851.75619291 2055.55364849 1879.19030871 1928.9743336   728.49502673]
