The chain is shorter than 50 times the integrated autocorrelation time for 5 parameter(s). Use this estimate with caution and run a longer chain!
N/50 = 750;
tau: [1155.69264362 2627.59992061 2815.43360092 2589.70966706 1648.58508662]
