The chain is shorter than 50 times the integrated autocorrelation time for 5 parameter(s). Use this estimate with caution and run a longer chain!
N/50 = 750;
tau: [ 750.15088029 2589.95723129 2654.52679305 2465.81300243  985.04619965]
