The chain is shorter than 50 times the integrated autocorrelation time for 5 parameter(s). Use this estimate with caution and run a longer chain!
N/50 = 750;
tau: [1671.48967682 2874.12575112 3008.04132526 2874.16861383 2075.05476309]
