The chain is shorter than 50 times the integrated autocorrelation time for 4 parameter(s). Use this estimate with caution and run a longer chain!
N/50 = 750;
tau: [ 561.53125016 2396.49695123 2595.61140411 1481.47665907 2181.65063454]
