The chain is shorter than 50 times the integrated autocorrelation time for 4 parameter(s). Use this estimate with caution and run a longer chain!
N/50 = 750;
tau: [ 447.5260847  2833.38923054 3001.53200343 2109.90801505 2773.30528841]
