The chain is shorter than 50 times the integrated autocorrelation time for 4 parameter(s). Use this estimate with caution and run a longer chain!
N/50 = 750;
tau: [ 265.05008329 1563.79958979 1691.92266391  888.37170999 1494.60916736]
