The chain is shorter than 50 times the integrated autocorrelation time for 5 parameter(s). Use this estimate with caution and run a longer chain!
N/50 = 750;
tau: [ 882.49688899 1404.5750039  1237.95963745 1209.38742937  968.71299376]
