The chain is shorter than 50 times the integrated autocorrelation time for 4 parameter(s). Use this estimate with caution and run a longer chain!
N/50 = 750;
tau: [1260.31845878 1133.31958152  724.22880922 1419.13683472 1266.1248561 ]
