The chain is shorter than 50 times the integrated autocorrelation time for 4 parameter(s). Use this estimate with caution and run a longer chain!
N/50 = 750;
tau: [ 301.47357104 1889.1807027  2086.10200734 1189.47033443 1822.83026955]
