The chain is shorter than 50 times the integrated autocorrelation time for 5 parameter(s). Use this estimate with caution and run a longer chain!
N/50 = 750;
tau: [2203.10961164 2961.96809118 2945.10085395 3060.65233618 1654.64288577]
