The chain is shorter than 50 times the integrated autocorrelation time for 5 parameter(s). Use this estimate with caution and run a longer chain!
N/50 = 750;
tau: [1022.38320459 1256.28698536  771.03740075 1690.61407934 1320.43067699]
