The chain is shorter than 50 times the integrated autocorrelation time for 5 parameter(s). Use this estimate with caution and run a longer chain!
N/50 = 750;
tau: [ 879.94379059 1456.17072449 1663.37585366 1690.54329557  794.87742111]
