The chain is shorter than 50 times the integrated autocorrelation time for 5 parameter(s). Use this estimate with caution and run a longer chain!
N/50 = 750;
tau: [2076.77762605 2270.64799662 2623.55086205 1704.18954937 2357.60277422]
