The chain is shorter than 50 times the integrated autocorrelation time for 5 parameter(s). Use this estimate with caution and run a longer chain!
N/50 = 750;
tau: [ 912.56210388 3095.28582932 3260.51445265 2397.36881935 2886.99173013]
