The chain is shorter than 50 times the integrated autocorrelation time for 5 parameter(s). Use this estimate with caution and run a longer chain!
N/50 = 750;
tau: [762.36873256 956.17277175 945.227924   803.68022382 915.63606969]
