The chain is shorter than 50 times the integrated autocorrelation time for 5 parameter(s). Use this estimate with caution and run a longer chain!
N/50 = 750;
tau: [ 784.10745844 2544.87529069 2760.53076673 1882.53163158 2481.52211457]
