The chain is shorter than 50 times the integrated autocorrelation time for 5 parameter(s). Use this estimate with caution and run a longer chain!
N/50 = 750;
tau: [1779.13020306 2363.7104135  2890.12151563 1290.74073088 2454.40845251]
