The chain is shorter than 50 times the integrated autocorrelation time for 5 parameter(s). Use this estimate with caution and run a longer chain!
N/50 = 750;
tau: [ 750.65779866 2202.37064267 1923.98155943 2062.8320523   885.66003028]
