The chain is shorter than 50 times the integrated autocorrelation time for 5 parameter(s). Use this estimate with caution and run a longer chain!
N/50 = 750;
tau: [1806.04030109 3037.93593504 2976.78419577 3127.87289031 2956.94540123]
