The chain is shorter than 50 times the integrated autocorrelation time for 5 parameter(s). Use this estimate with caution and run a longer chain!
N/50 = 750;
tau: [1246.62634294 1462.99505286 1512.00227824 1444.14522487 1223.15110794]
