The chain is shorter than 50 times the integrated autocorrelation time for 5 parameter(s). Use this estimate with caution and run a longer chain!
N/50 = 750;
tau: [1744.89392867 4264.39646183 4249.74500205 4251.4471222  4045.84256329]
