The chain is shorter than 50 times the integrated autocorrelation time for 5 parameter(s). Use this estimate with caution and run a longer chain!
N/50 = 750;
tau: [1673.61954911 4225.92881811 4286.77162951 4070.82382628 4122.29997719]
