The chain is shorter than 50 times the integrated autocorrelation time for 5 parameter(s). Use this estimate with caution and run a longer chain!
N/50 = 750;
tau: [1251.06110391 1484.6025998   835.74815748 1748.26977308 1473.10412471]
