The chain is shorter than 50 times the integrated autocorrelation time for 5 parameter(s). Use this estimate with caution and run a longer chain!
N/50 = 750;
tau: [2003.75631419 4657.13223123 4603.47520594 4648.54291406 4475.84261671]
