The chain is shorter than 50 times the integrated autocorrelation time for 1 parameter(s). Use this estimate with caution and run a longer chain!
N/50 = 750;
tau: [609.89374667 868.28461368 643.43898514 269.96769751 685.9828757 ]
