The chain is shorter than 50 times the integrated autocorrelation time for 2 parameter(s). Use this estimate with caution and run a longer chain!
N/50 = 750;
tau: [265.99176783 767.04718248 563.23680429 793.14530535 607.00996932]
