The chain is shorter than 50 times the integrated autocorrelation time for 1 parameter(s). Use this estimate with caution and run a longer chain!
N/50 = 750;
tau: [ 587.79763723 1003.1153206   739.33004026  543.04558085  617.99750028]
