The chain is shorter than 50 times the integrated autocorrelation time for 4 parameter(s). Use this estimate with caution and run a longer chain!
N/50 = 750;
tau: [ 929.30127381 2527.18550402 2717.12211245 2214.53622241  724.73431661]
