The chain is shorter than 50 times the integrated autocorrelation time for 5 parameter(s). Use this estimate with caution and run a longer chain!
N/50 = 750;
tau: [ 986.65024404 1155.29932128  990.96344051  961.48154809 1174.59336851]
