The chain is shorter than 50 times the integrated autocorrelation time for 4 parameter(s). Use this estimate with caution and run a longer chain!
N/50 = 750;
tau: [ 391.52669424 2233.75370937 2323.6772399  2171.33858261 2057.19793203]
