The chain is shorter than 50 times the integrated autocorrelation time for 3 parameter(s). Use this estimate with caution and run a longer chain!
N/50 = 750;
tau: [ 616.42387623  954.22065778 1140.3581091   351.59996001  952.97300439]
