The chain is shorter than 50 times the integrated autocorrelation time for 4 parameter(s). Use this estimate with caution and run a longer chain!
N/50 = 750;
tau: [ 383.55009876 1642.73146577 1846.33875261 1251.76208471 1657.39177951]
