The chain is shorter than 50 times the integrated autocorrelation time for 3 parameter(s). Use this estimate with caution and run a longer chain!
N/50 = 750;
tau: [780.1584816  755.51938647 748.89510656 700.7077495  875.59544007]
