The chain is shorter than 50 times the integrated autocorrelation time for 4 parameter(s). Use this estimate with caution and run a longer chain!
N/50 = 750;
tau: [ 769.49501762 1149.33952723  875.8221272   353.42423921  924.26486112]
