The chain is shorter than 50 times the integrated autocorrelation time for 5 parameter(s). Use this estimate with caution and run a longer chain!
N/50 = 750;
tau: [1313.66443525  956.73616512  776.52458334 1214.95034947 1291.32200494]
