The chain is shorter than 50 times the integrated autocorrelation time for 2 parameter(s). Use this estimate with caution and run a longer chain!
N/50 = 750;
tau: [235.94431191 963.39688602 816.99560638 658.52708041 656.53802173]
