The chain is shorter than 50 times the integrated autocorrelation time for 3 parameter(s). Use this estimate with caution and run a longer chain!
N/50 = 750;
tau: [ 252.06296175 1207.84005674 1259.47973838 1187.99449451  645.23771464]
