The chain is shorter than 50 times the integrated autocorrelation time for 5 parameter(s). Use this estimate with caution and run a longer chain!
N/50 = 750;
tau: [1877.95993974 2124.00580544 1949.29827863  979.22199679 2011.77441644]
