The chain is shorter than 50 times the integrated autocorrelation time for 4 parameter(s). Use this estimate with caution and run a longer chain!
N/50 = 750;
tau: [ 580.54314608 1969.98734384 2078.35278576 1185.38421969 1856.91359223]
