The chain is shorter than 50 times the integrated autocorrelation time for 5 parameter(s). Use this estimate with caution and run a longer chain!
N/50 = 750;
tau: [ 892.39993181 1092.41655192 1203.34639509  813.96805292  932.31516759]
