The chain is shorter than 50 times the integrated autocorrelation time for 3 parameter(s). Use this estimate with caution and run a longer chain!
N/50 = 750;
tau: [ 530.49670511 1800.9868159  2137.12205038 1766.75352296  528.4920339 ]
