The chain is shorter than 50 times the integrated autocorrelation time for 3 parameter(s). Use this estimate with caution and run a longer chain!
N/50 = 750;
tau: [ 206.97511121 1567.69191977 1538.56001761 1546.29254256  466.54787747]
