The chain is shorter than 50 times the integrated autocorrelation time for 5 parameter(s). Use this estimate with caution and run a longer chain!
N/50 = 750;
tau: [ 834.58868434 2938.5446297  3046.96125337 2929.57851533 2952.39529185]
