The chain is shorter than 50 times the integrated autocorrelation time for 3 parameter(s). Use this estimate with caution and run a longer chain!
N/50 = 750;
tau: [ 236.22270203 1474.3686451  1553.23105996 1501.89125896  522.04719182]
