The chain is shorter than 50 times the integrated autocorrelation time for 3 parameter(s). Use this estimate with caution and run a longer chain!
N/50 = 750;
tau: [651.72118958 856.76602251 797.08958192 609.58113427 838.50479373]
