The chain is shorter than 50 times the integrated autocorrelation time for 5 parameter(s). Use this estimate with caution and run a longer chain!
N/50 = 150;
tau: [372.23187796 633.8692222  939.64890077 935.18711022 931.57169472]
