The chain is shorter than 50 times the integrated autocorrelation time for 4 parameter(s). Use this estimate with caution and run a longer chain!
N/50 = 150;
tau: [160.70975854 221.45905092 180.52926476 187.2719906  109.98849462]
