The chain is shorter than 50 times the integrated autocorrelation time for 5 parameter(s). Use this estimate with caution and run a longer chain!
N/50 = 150;
tau: [446.15023365 481.04256535 443.24802693 453.98836832 456.4353198 ]
