The chain is shorter than 50 times the integrated autocorrelation time for 5 parameter(s). Use this estimate with caution and run a longer chain!
N/50 = 150;
tau: [481.58655881 486.81409243 480.65820542 393.35491395 465.73588259]
