The chain is shorter than 50 times the integrated autocorrelation time for 5 parameter(s). Use this estimate with caution and run a longer chain!
N/50 = 150;
tau: [279.33857517 290.88176376 273.16276352 227.81687041 334.70605995]
