The chain is shorter than 50 times the integrated autocorrelation time for 5 parameter(s). Use this estimate with caution and run a longer chain!
N/50 = 150;
tau: [425.95910401 400.64775249 423.81399407 471.57725092 398.71769816]
