The chain is shorter than 50 times the integrated autocorrelation time for 5 parameter(s). Use this estimate with caution and run a longer chain!
N/50 = 150;
tau: [592.25392406 655.73061979 687.61674718 540.53034546 652.34570997]
