The chain is shorter than 50 times the integrated autocorrelation time for 5 parameter(s). Use this estimate with caution and run a longer chain!
N/50 = 150;
tau: [604.25136735 666.80981607 672.37168495 658.5874226  637.12673811]
