The chain is shorter than 50 times the integrated autocorrelation time for 5 parameter(s). Use this estimate with caution and run a longer chain!
N/50 = 150;
tau: [381.98507215 337.94420273 404.2453931  323.9607187  365.61811442]
