The chain is shorter than 50 times the integrated autocorrelation time for 5 parameter(s). Use this estimate with caution and run a longer chain!
N/50 = 150;
tau: [349.47874987 555.11786255 165.36024862 170.77549826 556.83236877]
