The chain is shorter than 50 times the integrated autocorrelation time for 5 parameter(s). Use this estimate with caution and run a longer chain!
N/50 = 150;
tau: [391.74161677 852.42112156 856.56884107 824.80689225 319.24166835]
