The chain is shorter than 50 times the integrated autocorrelation time for 5 parameter(s). Use this estimate with caution and run a longer chain!
N/50 = 150;
tau: [287.53003014 493.10207997 615.09908115 634.04373464 598.76488507]
