The chain is shorter than 50 times the integrated autocorrelation time for 5 parameter(s). Use this estimate with caution and run a longer chain!
N/50 = 150;
tau: [400.08818232 398.93960356 396.10981362 336.34913562 363.52856662]
