The chain is shorter than 50 times the integrated autocorrelation time for 5 parameter(s). Use this estimate with caution and run a longer chain!
N/50 = 150;
tau: [269.55035965 288.78434304 262.5060666  243.17580021 279.08967731]
