The chain is shorter than 50 times the integrated autocorrelation time for 5 parameter(s). Use this estimate with caution and run a longer chain!
N/50 = 150;
tau: [438.75656316 301.25367461 333.03360294 386.19139049 340.42808771]
