The chain is shorter than 50 times the integrated autocorrelation time for 5 parameter(s). Use this estimate with caution and run a longer chain!
N/50 = 150;
tau: [389.34211967 588.80270103 554.21500662 465.78286708 588.77181183]
