The chain is shorter than 50 times the integrated autocorrelation time for 5 parameter(s). Use this estimate with caution and run a longer chain!
N/50 = 150;
tau: [481.35091794 511.12233798 408.76712023 526.58045645 378.58733061]
