The chain is shorter than 50 times the integrated autocorrelation time for 5 parameter(s). Use this estimate with caution and run a longer chain!
N/50 = 750;
tau: [ 968.42671642 4226.03620615 3960.13224519 4177.67981706 4249.04717861]
