The chain is shorter than 50 times the integrated autocorrelation time for 5 parameter(s). Use this estimate with caution and run a longer chain!
N/50 = 750;
tau: [1694.29809095 1937.39395931 2126.73149871 1456.85345093 1784.67549926]
