The chain is shorter than 50 times the integrated autocorrelation time for 5 parameter(s). Use this estimate with caution and run a longer chain!
N/50 = 750;
tau: [1567.65464421 1533.96878396 1551.67909904 1619.77729011 1601.42040619]
