The chain is shorter than 50 times the integrated autocorrelation time for 5 parameter(s). Use this estimate with caution and run a longer chain!
N/50 = 750;
tau: [1187.24475325 4333.6280291  4362.95429301 3538.46713948 4312.98607682]
