The chain is shorter than 50 times the integrated autocorrelation time for 5 parameter(s). Use this estimate with caution and run a longer chain!
N/50 = 750;
tau: [1277.25228177 4160.40932639 4222.62351139 3866.16996857 4031.48528108]
