The chain is shorter than 50 times the integrated autocorrelation time for 4 parameter(s). Use this estimate with caution and run a longer chain!
N/50 = 750;
tau: [ 530.94457976 1749.70922204 1998.22782652 1575.5777686  1534.89927348]
