The chain is shorter than 50 times the integrated autocorrelation time for 5 parameter(s). Use this estimate with caution and run a longer chain!
N/50 = 750;
tau: [ 916.31620144 4010.39731773 4031.97703027 4005.16468329 4004.64308043]
