The chain is shorter than 50 times the integrated autocorrelation time for 5 parameter(s). Use this estimate with caution and run a longer chain!
N/50 = 750;
tau: [1129.60489493 1494.96126221 2858.71028447 2505.30220141 2795.78139124]
