The chain is shorter than 50 times the integrated autocorrelation time for 5 parameter(s). Use this estimate with caution and run a longer chain!
N/50 = 750;
tau: [1405.19980888 1431.91167667 1401.95784429 1509.19262106 1523.90554766]
