The chain is shorter than 50 times the integrated autocorrelation time for 5 parameter(s). Use this estimate with caution and run a longer chain!
N/50 = 750;
tau: [1425.06485373 3340.02628869 3227.16611968 3317.22865139 1897.89402487]
