The chain is shorter than 50 times the integrated autocorrelation time for 4 parameter(s). Use this estimate with caution and run a longer chain!
N/50 = 750;
tau: [ 448.11128902 1469.22769561 1331.22610599  866.29878907 1084.9142697 ]
