The chain is shorter than 50 times the integrated autocorrelation time for 5 parameter(s). Use this estimate with caution and run a longer chain!
N/50 = 750;
tau: [ 985.21867022 1115.89566842  992.84117872 1263.15207324 1010.44491338]
