The chain is shorter than 50 times the integrated autocorrelation time for 5 parameter(s). Use this estimate with caution and run a longer chain!
N/50 = 750;
tau: [2352.74647312 4154.75807217 4049.44518928 4196.4511019  4098.95118679]
