The chain is shorter than 50 times the integrated autocorrelation time for 5 parameter(s). Use this estimate with caution and run a longer chain!
N/50 = 750;
tau: [ 947.36740522 1665.24935674 1104.28876509 1343.9305834  1382.08983497]
