The chain is shorter than 50 times the integrated autocorrelation time for 4 parameter(s). Use this estimate with caution and run a longer chain!
N/50 = 750;
tau: [ 693.14970208 3608.48945241 3596.07904706 3615.51825816 3631.89979331]
