The chain is shorter than 50 times the integrated autocorrelation time for 5 parameter(s). Use this estimate with caution and run a longer chain!
N/50 = 750;
tau: [2059.41851377 2553.5836294  2344.37070758 2120.3371322  2457.56960321]
