The chain is shorter than 50 times the integrated autocorrelation time for 1 parameter(s). Use this estimate with caution and run a longer chain!
N/50 = 750;
tau: [170.51371991 767.94779561 564.72939519 543.08072596 417.65641768]
