The chain is shorter than 50 times the integrated autocorrelation time for 5 parameter(s). Use this estimate with caution and run a longer chain!
N/50 = 750;
tau: [ 957.98557106 3897.6043946  3869.58387505 3897.95669246 3895.75970285]
