The chain is shorter than 50 times the integrated autocorrelation time for 5 parameter(s). Use this estimate with caution and run a longer chain!
N/50 = 750;
tau: [1585.36522012 4353.90581295 4318.25365753 4425.04264053 4237.79689803]
