The chain is shorter than 50 times the integrated autocorrelation time for 5 parameter(s). Use this estimate with caution and run a longer chain!
N/50 = 750;
tau: [1609.83219611 2859.75034785 2750.5768656  2767.44952159 1627.84837509]
