The chain is shorter than 50 times the integrated autocorrelation time for 5 parameter(s). Use this estimate with caution and run a longer chain!
N/50 = 750;
tau: [2926.551369   2164.18175299 2830.77476566 2522.89487424 2453.21073189]
