The chain is shorter than 50 times the integrated autocorrelation time for 4 parameter(s). Use this estimate with caution and run a longer chain!
N/50 = 750;
tau: [2331.72913094 1971.37601001  318.29852994 2972.7653158  2290.78887845]
