The chain is shorter than 50 times the integrated autocorrelation time for 1 parameter(s). Use this estimate with caution and run a longer chain!
N/50 = 750;
tau: [ 708.84371552  296.13082086  743.55303607 1428.56738648  264.77297979]
