The chain is shorter than 50 times the integrated autocorrelation time for 3 parameter(s). Use this estimate with caution and run a longer chain!
N/50 = 750;
tau: [ 506.17233516 1436.23950183 1272.52326207  873.09406709  378.91213465]
