The chain is shorter than 50 times the integrated autocorrelation time for 3 parameter(s). Use this estimate with caution and run a longer chain!
N/50 = 750;
tau: [128.16931488 847.71370899 661.30817308 850.14761683 793.67187902]
