The chain is shorter than 50 times the integrated autocorrelation time for 4 parameter(s). Use this estimate with caution and run a longer chain!
N/50 = 750;
tau: [1173.36186688 1638.21761678 1344.71141181  651.83980559 1595.49283663]
