The chain is shorter than 50 times the integrated autocorrelation time for 2 parameter(s). Use this estimate with caution and run a longer chain!
N/50 = 750;
tau: [ 314.56318293  734.87565455 1279.27296798 2329.23736873  584.15240275]
