The chain is shorter than 50 times the integrated autocorrelation time for 5 parameter(s). Use this estimate with caution and run a longer chain!
N/50 = 750;
tau: [1092.72285947 1399.17972653 1798.31743005 1824.21142545 1523.2922643 ]
