The chain is shorter than 50 times the integrated autocorrelation time for 2 parameter(s). Use this estimate with caution and run a longer chain!
N/50 = 750;
tau: [ 278.56755682  184.32873989  151.04016293 1493.49500875 1153.37260718]
