The chain is shorter than 50 times the integrated autocorrelation time for 1 parameter(s). Use this estimate with caution and run a longer chain!
N/50 = 750;
tau: [500.77841307 434.33295175 815.94044314 302.09040741 434.76871207]
