The chain is shorter than 50 times the integrated autocorrelation time for 5 parameter(s). Use this estimate with caution and run a longer chain!
N/50 = 750;
tau: [1432.68399962  988.68576937 1598.82731852 1510.9760802  1598.09957078]
