Mean acceptance fraction: 0.027
Mean autocorrelation time [steps]: 414.2
Fitted parameters:
t_0 : 2452345.49503 +0.16610 -0.18728
u_0 : 0.02266 +0.01284 -0.00844
t_E : 157.44164 +24.57216 -56.35593
pi_E_N : 0.00082 +0.01689 -0.01640
pi_E_E : -0.00493 +0.01258 -0.02544
xi_Omega_node : 166.22992 +153.52050 -34.36115
xi_inclination : 182.08271 +83.87099 -87.03526
xi_period : 310.43379 +105.14672 -147.82748
xi_argument_of_latitude_reference : 177.26046 +116.93473 -110.44678
xi_semimajor_axis : 0.12591 +0.07335 -0.07940
q_source : 0.12789 +0.20767 -0.07312
xi_eccentricity : 0.24126 +0.20525 -0.16249
xi_omega_periapsis : 155.33089 +126.75494 -111.40454
Fitted fluxes (source and blending):
flux_s1_1 : 2.59754 +0.96483 -0.78066
flux_s2_1 : 4.32805 +12.71441 -4.77567
flux_b_1 : 41.99689 +4.24018 -13.77567
Best model:
chi2: 1080.0546
t_0 u_0 t_E pi_E_N pi_E_E xi_Omega_node xi_inclination xi_period xi_argument_of_latitude_reference xi_semimajor_axis q_source xi_eccentricity xi_omega_periapsis
2452345.48534644 0.019434972770891245 174.60591025799715 0.0049689952570873 -0.002332236180008815 158.17559618228654 261.5998456592421 157.89022887218582 287.91353279694124 0.22797933678992457 0.07672163266349734 0.40064147309364384 97.34280632702774
Fluxes:
2.619321405970931 -0.059047167187959104 45.88418365117141
