Mean acceptance fraction: 0.013
Mean autocorrelation time [steps]: nan
Fitted parameters:
t_0 : 2454348.43023 +0.09289 -0.09138
u_0 : 0.00292 +0.00148 -0.00279
t_E : 65.38042 +10.18789 -4.84946
pi_E_N : 0.00342 +0.01673 -0.00768
pi_E_E : -0.00328 +0.00846 -0.01503
xi_Omega_node : 167.31006 +87.51935 -116.30652
xi_inclination : 177.65666 +92.99651 -87.26863
xi_period : 213.39713 +172.54303 -77.08603
xi_argument_of_latitude_reference : 185.58420 +90.23341 -87.21165
xi_semimajor_axis : 0.02535 +0.15033 -0.02252
q_source : 0.19710 +0.33867 -0.12992
xi_eccentricity : 0.25113 +0.15371 -0.13669
xi_omega_periapsis : 212.72628 +94.17644 -102.83831
Fitted fluxes (source and blending):
flux_s1_1 : 7.42173 +3.25554 -5.37884
flux_s2_1 : 2.87183 +2.00857 -8.37252
flux_b_1 : -2.17053 +2.31557 -3.42376
Best model:
chi2: 7889.0076
t_0 u_0 t_E pi_E_N pi_E_E xi_Omega_node xi_inclination xi_period xi_argument_of_latitude_reference xi_semimajor_axis q_source xi_eccentricity xi_omega_periapsis
2454348.49058961 0.0004066528408354789 76.68841371071284 -0.030261322317965474 0.02289341380502573 63.26163712227742 161.02251868519113 133.1512049906634 173.61448455438702 0.0006932931875800612 0.11006960538524546 0.18129318862260987 60.51722937605436
Fluxes:
0.31550734576180794 6.507007421983557 -2.008615359404425
