Mean acceptance fraction: 0.021
Mean autocorrelation time [steps]: 418.8
Fitted parameters:
t_0 : 2454723.34494 +0.14125 -0.11713
u_0 : 0.39725 +0.12804 -0.08652
t_E : 18.43713 +1.77467 -1.68455
pi_E_N : -0.00049 +0.01231 -0.01290
pi_E_E : -0.00096 +0.01311 -0.01387
xi_Omega_node : 211.61864 +79.09550 -155.01257
xi_inclination : 162.92665 +163.80943 -126.08134
xi_period : 165.08943 +174.96864 -123.88824
xi_argument_of_latitude_reference : 195.18929 +105.92248 -115.90823
xi_semimajor_axis : 0.11489 +0.13538 -0.06541
q_source : 0.17401 +0.20235 -0.12863
xi_eccentricity : 0.21425 +0.32397 -0.16068
xi_omega_periapsis : 190.39657 +114.52261 -113.55781
Fitted fluxes (source and blending):
flux_s1_1 : 54.89996 +20.65868 -14.58874
flux_s2_1 : -2.20243 +16.62376 -20.19740
flux_b_1 : -20.59344 +22.14774 -22.97853
Best model:
chi2: 2056.8466
t_0 u_0 t_E pi_E_N pi_E_E xi_Omega_node xi_inclination xi_period xi_argument_of_latitude_reference xi_semimajor_axis q_source xi_eccentricity xi_omega_periapsis
2454723.7894678013 0.33473017834917707 22.65961157301643 -0.023626504754004067 -0.0012387626150968736 319.05918379200955 376.16586219590124 322.71853178269794 364.5568422821913 0.23522210613969868 0.058325537120077015 0.8971440336093247 362.78241579004623
Fluxes:
49.43256622544963 -2640.701698052935 2625.5229581427475
