Mean acceptance fraction: 0.041
Mean autocorrelation time [steps]: 410.4
Fitted parameters:
t_0 : 2453484.53783 +0.97934 -0.25761
u_0 : 0.95745 +0.13704 -0.11181
t_E : 150.38390 +9.56018 -9.92631
pi_E_N : 0.00359 +0.01147 -0.02352
pi_E_E : -0.01947 +0.01481 -0.03129
xi_Omega_node : 136.50977 +26.23292 -49.87370
xi_inclination : 140.30348 +157.13971 -82.60837
xi_period : 371.45896 +31.41181 -98.45538
xi_argument_of_latitude_reference : 176.83636 +101.63489 -123.74495
xi_semimajor_axis : 0.07610 +0.04301 -0.02066
q_source : 0.16629 +0.19638 -0.10859
xi_eccentricity : 0.22217 +0.09445 -0.12183
xi_omega_periapsis : 199.82079 +108.24161 -118.03696
Fitted fluxes (source and blending):
flux_s1_1 : 999.48340 +286.55542 -280.17196
flux_s2_1 : 79.19069 +247.75464 -81.98510
flux_b_1 : -370.25726 +243.52187 -307.45419
Best model:
chi2: 2299.4776
t_0 u_0 t_E pi_E_N pi_E_E xi_Omega_node xi_inclination xi_period xi_argument_of_latitude_reference xi_semimajor_axis q_source xi_eccentricity xi_omega_periapsis
2453484.6968848323 1.0321880919687336 142.85389507214487 0.011845665608379616 -0.021881492718973078 158.03532561063312 43.145365219533005 396.5126722174931 156.35296311289173 0.05669044620576433 0.0034780266876853587 0.11558055076706236 184.0757646713829
Fluxes:
1333.190497172476 -616.3354889465819 23.061203657796057
