Mean acceptance fraction: 0.019
Mean autocorrelation time [steps]: 431.3
Fitted parameters:
t_0 : 2454718.11089 +0.07433 -0.08668
u_0 : 0.21973 +0.02626 -0.02836
t_E : 64.28941 +5.31670 -4.52857
pi_E_N : -0.00059 +0.00791 -0.00850
pi_E_E : -0.00225 +0.00797 -0.01055
xi_Omega_node : 197.62207 +84.88487 -97.20434
xi_inclination : 173.17654 +143.21022 -124.09891
xi_period : 322.31481 +85.30720 -148.64368
xi_argument_of_latitude_reference : 181.01149 +95.29372 -100.20482
xi_semimajor_axis : 0.10632 +0.10264 -0.09231
q_source : 0.14191 +0.11315 -0.09462
xi_eccentricity : 0.21087 +0.17290 -0.12120
xi_omega_periapsis : 177.60385 +99.88770 -89.66322
Fitted fluxes (source and blending):
flux_s1_1 : 180.62333 +46.20690 -35.93263
flux_s2_1 : -10.72536 +14.16000 -195.81533
flux_b_1 : 51.13866 +43.41219 -41.05175
Best model:
chi2: 6013.1209
t_0 u_0 t_E pi_E_N pi_E_E xi_Omega_node xi_inclination xi_period xi_argument_of_latitude_reference xi_semimajor_axis q_source xi_eccentricity xi_omega_periapsis
2454718.372885172 0.26000787725651386 63.93762035315604 0.0021601674406022046 -0.0038650023334598892 235.12127941958414 353.4804175270179 408.5061728112149 314.70638400062626 0.27367355101077656 0.0005714244571088192 0.03895990117475816 252.87589805149463
Fluxes:
214.04278063893162 -167578499775.91193 167578499779.47687
