Mean acceptance fraction: 0.012
Mean autocorrelation time [steps]: 429.5
Fitted parameters:
t_0 : 2454577.09360 +0.05620 -0.03518
u_0 : 0.02293 +0.00190 -0.00155
t_E : 75.60278 +1.60060 -1.90877
pi_E_N : -0.00005 +0.00433 -0.00398
pi_E_E : -0.00060 +0.00448 -0.00646
xi_Omega_node : 199.76109 +62.76617 -105.89274
xi_inclination : 191.10417 +80.74348 -102.03464
xi_period : 235.29771 +58.48132 -43.23637
xi_argument_of_latitude_reference : 170.65846 +67.74990 -92.85067
xi_semimajor_axis : 0.02667 +0.05176 -0.02361
q_source : 0.10439 +0.06218 -0.04092
xi_eccentricity : 0.20754 +0.10242 -0.08070
xi_omega_periapsis : 165.47873 +82.27148 -59.99656
Fitted fluxes (source and blending):
flux_s1_1 : 169.35462 +6.19873 -10.48311
flux_s2_1 : 0.74048 +11.00766 -1.37251
flux_b_1 : 17.12308 +5.41652 -9.02736
Best model:
chi2: 10960.6321
t_0 u_0 t_E pi_E_N pi_E_E xi_Omega_node xi_inclination xi_period xi_argument_of_latitude_reference xi_semimajor_axis q_source xi_eccentricity xi_omega_periapsis
2454577.0769932144 0.023089044372383873 75.24060106832462 0.0004167634857247522 0.0016865839461612949 171.08073735779598 198.09460221729728 174.84681857262555 210.0959471625024 0.0023501577768138653 0.10726449055870396 0.21534857641365424 131.2175584974011
Fluxes:
170.49327401434175 -0.0027334198462293357 16.96950743604708
