Mean acceptance fraction: 0.043
Mean autocorrelation time [steps]: 415.3
Fitted parameters:
t_0 : 2454212.06675 +0.66752 -0.31505
u_0 : 0.78737 +0.10160 -0.29497
t_E : 214.86988 +17.17689 -17.78042
pi_E_N : 0.03589 +0.03484 -0.02583
pi_E_E : -0.03077 +0.03078 -0.02114
xi_Omega_node : 115.95059 +176.01922 -21.71062
xi_inclination : 240.47811 +64.34338 -197.48267
xi_period : 351.23698 +44.22042 -67.91692
xi_argument_of_latitude_reference : 141.96908 +109.24246 -94.02971
xi_semimajor_axis : 0.13734 +0.05199 -0.04365
q_source : 0.39012 +0.45936 -0.25774
xi_eccentricity : 0.02406 +0.10786 -0.01912
xi_omega_periapsis : 235.51309 +84.45533 -103.19846
Fitted fluxes (source and blending):
flux_s1_1 : 248.83541 +80.95637 -226.89083
flux_s2_1 : 2.18794 +242.14918 -15.50365
flux_b_1 : 527.50069 +59.48501 -75.81990
Best model:
chi2: 4281.2726
t_0 u_0 t_E pi_E_N pi_E_E xi_Omega_node xi_inclination xi_period xi_argument_of_latitude_reference xi_semimajor_axis q_source xi_eccentricity xi_omega_periapsis
2454212.447173118 0.8919988835373204 207.42298730380858 0.039374846542144626 -0.008150263823710608 124.30259035192215 310.01751097202225 381.95934324267324 142.68835071075895 0.16199241422129632 0.028708827450168145 0.03862138546379157 141.21811872710583
Fluxes:
326.11451079042916 -17.727060157608435 505.30651687201
