The chain is shorter than 50 times the integrated autocorrelation time for 3 parameter(s). Use this estimate with caution and run a longer chain!
N/50 = 750;
tau: [1893.16545291 3098.67727305 2868.10736721]
